63.0 315.0 0 1 0 0 0 1 0 0 0 0 250 0 0
63.0 315.0 0 0 0 0 0 0 0 0 0 0 250 0 0
63.0 315.0 0 1 0 0 0 1 0 0 0 0 250 0 0
63.0 315.0 0 0 0 0 0 0 0 0 0 0 250 0 0
63.0 315.0 0 1 0 0 0 1 0 0 0 0 250 0 0
63.0 315.0 0 0 0 0 0 0 0 0 0 0 250 0 0
63.0 315.0 0 1 0 0 0 1 0 0 0 0 250 0 0
84.0 315.0 0 1 0 0 0 1 0 0 0 0 250 0 0
84.0 315.0 0 0 0 0 0 0 0 0 0 0 250 0 0
84.0 315.0 0 1 0 0 0 1 0 0 0 0 250 0 0
84.0 315.0 0 0 0 0 0 0 0 0 0 0 250 0 0
84.0 315.0 0 1 0 0 0 1 0 0 0 0 250 0 0
84.0 315.0 0 1 0 0 0 1 0 0 0 0 250 0 0
84.0 315.0 0 0 0 0 0 0 0 0 0 0 250 0 0
84.0 315.0 0 1 0 0 0 1 0 0 0 0 250 0 0
84.0 315.0 0 0 0 0 0 0 0 0 0 0 250 0 0
84.0 315.0 0 1 0 0 1 0 0 0 0 0 250 0 0
84.0 315.0 0 0 0 0 0 0 0 0 0 0 250 0 0
84.0 315.0 0 1 0 0 1 0 0 0 0 0 250 0 0
84.0 315.0 0 0 0 0 0 0 0 0 0 0 250 0 0
84.0 315.0 0 1 0 0 1 0 0 0 0 0 250 0 0
84.0 315.0 0 0 0 0 0 0 0 0 0 0 250 0 0
84.0 315.0 0 1 0 0 1 0 0 0 0 0 250 0 0
84.0 315.0 1 1 0 0 1 0 0 0 0 0 250 0 0
84.0 315.0 0 0 0 0 0 0 0 0 0 0 250 0 0
84.0 315.0 1 1 0 0 1 0 0 0 0 0 250 0 0
84.0 315.0 0 0 0 0 0 0 0 0 0 0 250 0 0
84.0 315.0 1 1 0 0 1 0 0 0 0 0 250 0 0
84.0 315.0 1 1 0 0 1 0 0 0 0 0 250 0 0
84.0 315.0 0 0 0 0 0 0 0 0 0 0 250 0 0
84.0 315.0 1 1 0 0 1 0 0 0 0 0 250 0 0
84.0 315.0 0 0 0 0 0 0 0 0 0 0 250 0 0
63.0 315.0 0 1 0 0 0 1 0 0 0 0 250 0 0
63.0 315.0 0 0 0 0 0 0 0 0 0 0 250 0 0
63.0 315.0 0 1 0 0 0 1 0 0 0 0 250 0 0
63.0 315.0 0 0 0 0 0 0 0 0 0 0 250 0 0
63.0 315.0 0 1 0 0 0 1 0 0 0 0 250 0 0
63.0 315.0 0 0 0 0 0 0 0 0 0 0 250 0 0
63.0 315.0 0 1 0 0 0 1 0 0 0 0 250 0 0
84.0 315.0 0 1 0 0 0 1 0 0 0 0 250 0 0
84.0 315.0 0 0 0 0 0 0 0 0 0 0 250 0 0
84.0 315.0 0 1 0 0 0 1 0 0 0 0 250 0 0
84.0 315.0 0 0 0 0 0 0 0 0 0 0 250 0 0
84.0 315.0 0 1 0 0 0 1 0 0 0 0 250 0 0
84.0 315.0 0 1 0 0 0 1 0 0 0 0 250 0 0
84.0 315.0 0 0 0 0 0 0 0 0 0 0 250 0 0
84.0 315.0 0 1 0 0 0 1 0 0 0 0 250 0 0
84.0 315.0 0 0 0 0 0 0 0 0 0 0 250 0 0
84.0 315.0 0 1 0 0 1 0 0 0 0 0 250 0 0
84.0 315.0 0 0 0 0 0 0 0 0 0 0 250 0 0
84.0 315.0 0 1 0 0 1 0 0 0 0 0 250 0 0
84.0 315.0 0 0 0 0 0 0 0 0 0 0 250 0 0
84.0 315.0 0 1 0 0 1 0 0 0 0 0 250 0 0
84.0 315.0 0 0 0 0 0 0 0 0 0 0 250 0 0
84.0 315.0 0 1 0 0 1 0 0 0 0 0 250 0 0
84.0 315.0 1 1 0 0 1 0 0 0 0 0 250 0 0
84.0 315.0 0 0 0 0 1 0 0 0 0 0 250 0 0
84.0 315.0 1 1 0 0 1 0 0 1 0 0 250 0 0
84.0 315.0 0 0 0 0 0 0 0 0 0 0 250 0 0
84.0 315.0 1 1 0 0 1 0 0 1 0 0 250 0 0
84.0 315.0 1 1 0 0 1 0 0 1 0 0 250 0 1
84.0 315.0 0 0 0 0 0 0 0 0 0 0 250 0 0
84.0 315.0 1 1 0 0 1 0 0 1 0 0 250 0 1
84.0 315.0 0 0 0 0 0 0 0 0 0 0 250 0 0
63.0 315.0 0 1 0 0 0 1 0 1 0 0 250 0 1
63.0 315.0 0 0 0 0 0 0 0 1 0 0 250 0 1
63.0 315.0 0 1 0 0 0 1 0 1 0 0 250 0 1
63.0 315.0 0 0 0 0 0 0 0 1 0 0 250 0 1
63.0 315.0 0 1 0 0 0 1 0 1 0 0 250 0 1
63.0 315.0 0 0 0 0 0 0 0 1 0 0 250 0 0
63.0 336.0 0 1 0 0 0 1 0 0 1 0 250 0 0
84.0 378.0 0 1 0 0 0 1 0 0 1 0 250 0 1
84.0 378.0 0 0 0 0 0 0 0 0 1 0 250 0 1
84.0 378.0 0 1 0 0 0 1 0 0 1 0 250 0 1
84.0 378.0 0 0 0 0 0 0 0 0 1 0 250 0 1
84.0 378.0 0 1 0 0 0 1 0 0 1 0 250 0 0
84.0 378.0 0 1 0 0 0 1 0 0 0 0 250 0 0
84.0 378.0 0 0 0 0 0 0 0 0 1 0 250 0 1
84.0 378.0 0 1 0 0 0 1 0 0 1 0 250 0 0
84.0 399.0 0 0 0 0 0 0 0 0 1 0 250 0 0
84.0 378.0 0 1 0 0 1 0 0 0 1 0 250 0 1
84.0 378.0 0 0 0 0 0 0 0 0 1 0 250 0 0
84.0 378.0 0 1 0 0 1 0 0 0 1 0 250 0 0
84.0 399.0 0 0 0 0 0 0 0 0 1 0 250 0 0
84.0 378.0 0 1 0 0 1 0 0 0 0 0 250 0 1
84.0 378.0 0 0 0 0 0 0 0 0 0 0 250 0 0
0.0 462.0 0 0 0 0 0 1 0 0 1 1 250 0 0
84.0 399.0 1 1 0 0 1 0 0 1 0 0 250 0 1
84.0 399.0 0 0 0 0 0 0 0 1 0 0 250 0 0
84.0 315.0 1 1 0 0 1 0 0 1 0 0 250 0 0
84.0 315.0 0 0 0 0 0 0 0 1 0 0 250 0 0
84.0 315.0 1 1 0 0 1 0 0 1 0 0 250 0 0
84.0 315.0 1 1 0 0 1 0 0 1 0 0 250 0 0
84.0 315.0 0 0 0 0 0 0 0 1 0 0 250 0 0
84.0 315.0 1 1 0 0 1 0 0 1 0 0 250 0 1
84.0 315.0 0 0 0 0 0 0 0 1 0 0 250 0 0
63.0 315.0 0 1 0 0 0 1 0 1 0 0 250 0 1
63.0 315.0 0 0 0 0 0 0 0 1 0 0 250 0 1
63.0 315.0 0 1 0 0 0 1 0 1 0 0 250 0 1
63.0 315.0 0 0 0 0 0 0 0 1 0 0 250 0 1
63.0 315.0 0 1 0 0 0 1 0 1 0 0 250 0 1
63.0 315.0 0 0 0 0 0 0 0 1 0 0 250 0 0
63.0 336.0 0 1 0 0 0 1 0 0 1 0 250 0 0
84.0 378.0 0 1 0 0 0 1 0 0 1 0 250 0 1
84.0 378.0 0 0 0 0 0 0 0 0 1 0 250 0 1
84.0 378.0 0 1 0 0 0 1 0 0 1 0 250 0 1
84.0 378.0 0 0 0 0 0 0 0 0 1 0 250 0 1
84.0 378.0 0 1 0 0 0 1 0 0 1 0 250 0 0
84.0 378.0 0 1 0 0 0 1 0 0 0 0 250 0 0
84.0 378.0 0 0 0 0 0 0 0 0 1 0 250 0 1
84.0 378.0 0 1 0 0 0 1 0 0 1 0 250 0 0
84.0 399.0 0 0 0 0 0 0 0 0 1 0 250 0 0
84.0 378.0 0 1 0 0 1 0 0 0 1 0 250 0 1
84.0 378.0 0 0 0 0 0 0 0 0 1 0 250 0 0
84.0 378.0 0 1 0 0 1 0 0 0 1 0 250 0 1
84.0 378.0 0 0 0 0 0 0 0 0 1 0 250 0 0
84.0 378.0 0 1 0 0 1 0 0 0 0 0 250 0 1
84.0 378.0 0 0 0 0 0 0 0 0 0 0 250 0 0
84.0 315.0 0 1 0 0 1 0 0 1 0 0 250 0 0
84.0 399.0 1 1 0 0 1 0 0 1 0 0 250 0 0
84.0 357.0 0 0 0 0 0 0 0 1 0 0 250 0 0
84.0 399.0 1 1 0 0 1 0 0 1 0 0 250 0 1
84.0 399.0 0 0 0 0 0 0 0 1 0 0 250 0 1
84.0 399.0 1 1 0 0 1 0 0 1 0 0 250 0 1
84.0 399.0 1 1 0 0 1 0 0 0 1 0 250 0 1
84.0 399.0 0 0 0 0 0 0 0 0 0 1 250 0 1
84.0 399.0 1 1 0 0 1 0 0 1 0 0 250 0 1
84.0 399.0 0 0 0 0 0 0 0 1 0 0 250 0 0
63.0 399.0 0 1 0 0 0 1 0 0 1 0 250 0 0
63.0 399.0 0 0 0 0 0 0 0 0 0 0 250 0 0
63.0 399.0 0 1 0 0 0 1 0 0 1 0 250 0 0
63.0 399.0 0 0 0 0 0 0 0 0 0 0 250 0 0
63.0 399.0 0 1 0 0 0 1 0 0 1 0 250 0 0
63.0 399.0 0 0 0 0 0 0 0 0 0 0 250 0 0
63.0 399.0 0 1 0 0 0 1 0 0 1 0 250 0 0
84.0 357.0 0 1 0 0 0 1 0 1 0 0 250 0 0
84.0 357.0 0 0 0 0 0 0 0 0 0 0 250 0 0
84.0 357.0 0 1 0 0 0 1 0 1 0 0 250 0 0
84.0 357.0 0 0 0 0 0 0 0 0 0 0 250 0 0
84.0 357.0 0 1 0 0 0 1 0 1 0 0 250 0 0
84.0 357.0 0 1 0 0 0 1 0 0 0 0 250 0 0
84.0 357.0 0 0 0 0 0 0 0 0 0 0 250 0 0
84.0 357.0 0 1 0 0 0 1 0 1 0 0 250 0 0
84.0 357.0 0 0 0 0 0 0 0 0 0 0 250 0 0
84.0 399.0 0 1 0 0 1 0 0 0 1 0 250 0 0
84.0 399.0 0 0 0 0 0 0 0 0 0 0 250 0 0
84.0 399.0 0 1 0 0 1 0 0 0 1 0 250 0 0
84.0 399.0 0 0 0 0 0 0 0 0 0 0 250 0 0
84.0 399.0 0 1 0 0 1 0 0 0 1 0 250 0 0
84.0 399.0 0 0 0 0 0 0 0 0 0 0 250 0 0
84.0 399.0 0 1 0 0 1 0 0 0 1 0 250 0 0
84.0 357.0 1 1 0 0 1 0 0 1 0 0 250 0 0
84.0 357.0 0 0 0 0 0 0 0 0 0 0 250 0 0
84.0 357.0 1 1 0 0 1 0 0 1 0 0 250 0 0
84.0 357.0 0 0 0 0 0 0 0 0 0 0 250 0 0
84.0 357.0 1 1 0 0 1 0 0 1 0 0 250 0 0
84.0 357.0 1 1 0 0 1 0 0 1 0 0 250 0 0
84.0 357.0 0 0 0 0 0 0 0 0 0 0 250 0 0
84.0 357.0 1 1 0 0 1 0 0 1 0 0 250 0 0
84.0 357.0 0 0 0 0 0 0 0 0 0 0 250 0 0
63.0 399.0 0 1 0 0 0 1 0 0 1 0 250 0 0
63.0 399.0 0 0 0 0 0 0 0 0 0 0 250 0 0
63.0 399.0 0 1 0 0 0 1 0 0 1 0 250 0 0
63.0 399.0 0 0 0 0 0 0 0 0 0 0 250 0 0
63.0 399.0 0 1 0 0 0 1 0 0 1 0 250 0 0
63.0 399.0 0 0 0 0 0 0 0 0 0 0 250 0 0
63.0 399.0 0 1 0 0 0 1 0 0 1 0 250 0 0
84.0 357.0 0 1 0 0 0 1 0 1 0 0 250 0 0
84.0 357.0 0 0 0 0 0 0 0 0 0 0 250 0 0
84.0 357.0 0 1 0 0 0 1 0 1 0 0 250 0 0
84.0 357.0 0 0 0 0 0 0 0 0 0 0 250 0 0
84.0 357.0 0 1 0 0 0 1 0 1 0 0 250 0 0
84.0 357.0 0 1 0 0 0 1 0 0 0 0 250 0 0
84.0 357.0 0 0 0 0 0 0 0 0 0 0 250 0 0
84.0 357.0 0 1 0 0 0 1 0 1 0 0 250 0 0
84.0 357.0 0 0 0 0 0 0 0 0 0 0 250 0 0
84.0 399.0 0 1 0 0 1 0 0 0 1 0 250 0 0
84.0 399.0 0 0 0 0 0 0 0 0 0 0 250 0 0
84.0 399.0 0 1 0 0 1 0 0 0 1 0 250 0 0
84.0 399.0 0 0 0 0 0 0 0 0 0 0 250 0 0
84.0 399.0 0 1 0 0 1 0 0 0 1 0 250 0 0
84.0 399.0 0 0 0 0 0 0 0 0 0 0 250 0 0
84.0 399.0 0 1 0 0 1 0 0 0 1 0 250 0 0
84.0 357.0 1 1 0 0 1 0 0 1 0 0 250 0 0
84.0 357.0 0 0 0 0 0 0 0 0 0 0 250 0 0
84.0 315.0 1 1 0 0 1 0 0 1 0 0 250 0 0
84.0 315.0 0 0 0 0 0 0 0 0 0 0 250 0 0
84.0 315.0 1 1 0 0 1 0 0 1 0 0 250 0 0
84.0 315.0 1 1 0 0 1 0 0 1 0 0 250 0 1
84.0 315.0 0 0 0 0 0 0 0 0 0 0 250 0 0
84.0 315.0 1 1 0 0 1 0 0 1 0 0 250 0 1
84.0 315.0 0 0 0 0 0 0 0 0 0 0 250 0 0
63.0 315.0 0 1 0 0 0 1 0 1 0 0 250 0 1
63.0 315.0 0 0 0 0 0 0 0 1 0 0 250 0 1
63.0 315.0 0 1 0 0 0 1 0 1 0 0 250 0 1
63.0 315.0 0 0 0 0 0 0 0 1 0 0 250 0 1
63.0 315.0 0 1 0 0 0 1 0 1 0 0 250 0 1
63.0 315.0 0 0 0 0 0 0 0 1 0 0 250 0 0
63.0 336.0 0 1 0 0 0 1 0 0 1 0 250 0 0
84.0 378.0 0 1 0 0 0 1 0 0 1 0 250 0 1
84.0 378.0 0 0 0 0 0 0 0 0 1 0 250 0 1
84.0 378.0 0 1 0 0 0 1 0 0 1 0 250 0 1
84.0 378.0 0 0 0 0 0 0 0 0 1 0 250 0 1
84.0 378.0 0 1 0 0 0 1 0 0 1 0 250 0 0
84.0 378.0 0 1 0 0 0 1 0 0 0 0 250 0 0
84.0 378.0 0 0 0 0 0 0 0 0 1 0 250 0 1
84.0 378.0 0 1 0 0 0 1 0 0 1 0 250 0 0
84.0 399.0 0 0 0 0 0 0 0 0 1 0 250 0 0
84.0 378.0 0 1 0 0 1 0 0 0 1 0 250 0 1
84.0 378.0 0 0 0 0 0 0 0 0 1 0 250 0 0
84.0 378.0 0 1 0 0 1 0 0 0 1 0 250 0 0
84.0 399.0 0 0 0 0 0 0 0 0 1 0 250 0 0
84.0 378.0 0 1 0 0 1 0 0 0 0 0 250 0 0
84.0 378.0 0 0 0 0 0 0 0 0 0 0 250 0 0
84.0 315.0 0 1 0 0 1 0 0 1 0 0 250 0 0
84.0 399.0 1 1 0 0 1 0 0 0 1 0 250 0 1
84.0 399.0 0 0 0 0 0 0 0 0 1 0 250 0 0
84.0 357.0 1 1 0 0 1 0 0 1 0 0 250 0 0
84.0 252.0 0 0 0 0 0 0 0 1 0 0 250 0 1
84.0 252.0 1 1 0 0 1 0 0 1 0 0 250 0 0
84.0 315.0 1 1 0 0 1 0 0 1 0 0 250 0 0
84.0 315.0 0 0 0 0 0 0 0 1 0 0 250 0 0
84.0 315.0 1 1 0 0 1 0 0 1 0 0 250 0 0
84.0 315.0 0 0 0 0 0 0 0 1 0 0 250 0 0
63.0 315.0 0 1 0 0 0 1 0 1 0 0 250 0 1
63.0 315.0 0 0 0 0 0 0 0 1 0 0 250 0 1
63.0 315.0 0 1 0 0 0 1 0 1 0 0 250 0 1
63.0 315.0 0 0 0 0 0 0 0 1 0 0 250 0 0
63.0 315.0 0 1 0 0 0 1 0 0 0 0 250 0 0
63.0 336.0 0 0 0 0 0 0 0 0 1 0 250 0 1
63.0 336.0 0 1 0 0 0 1 0 0 1 0 250 0 0
84.0 378.0 0 1 0 0 0 1 0 0 1 0 250 0 1
84.0 378.0 0 0 0 0 0 0 0 0 1 0 250 0 1
84.0 378.0 0 1 0 0 0 1 0 0 1 0 250 0 1
84.0 378.0 0 0 0 0 0 0 0 0 1 0 250 0 1
84.0 378.0 0 1 0 0 0 1 0 0 1 0 250 0 1
84.0 378.0 0 1 0 0 0 1 0 0 1 0 250 0 1
84.0 378.0 0 0 0 0 0 0 0 0 1 0 250 0 0
84.0 399.0 0 1 0 0 0 1 0 0 1 0 250 0 0
84.0 399.0 0 0 0 0 0 0 0 0 1 0 250 0 0
84.0 315.0 0 1 0 0 1 0 0 1 0 0 250 0 0
84.0 378.0 0 0 0 0 0 0 0 0 1 0 250 0 0
84.0 399.0 0 1 0 0 1 0 0 0 1 0 250 0 0
84.0 399.0 0 0 0 0 0 0 0 0 1 0 250 0 1
84.0 399.0 0 1 0 0 1 0 0 0 0 0 250 0 1
84.0 399.0 0 0 0 0 0 0 0 0 0 0 250 0 0
84.0 315.0 0 1 0 0 1 0 0 1 0 0 250 0 0
84.0 378.0 1 1 0 0 1 0 0 0 1 0 250 0 0
84.0 399.0 0 0 0 0 0 0 0 0 1 0 250 0 0
84.0 399.0 1 1 0 0 1 0 0 0 1 0 250 0 1
84.0 399.0 0 0 0 0 0 0 0 0 1 0 250 0 0
84.0 252.0 1 1 0 0 1 0 0 1 0 0 250 0 0
84.0 252.0 1 1 0 0 1 0 0 1 0 0 250 0 0
84.0 252.0 0 0 0 0 0 0 0 1 0 0 250 0 0
84.0 252.0 1 1 0 0 1 0 0 1 0 0 250 0 1
84.0 252.0 0 0 0 0 0 0 0 1 0 0 250 0 0
63.0 252.0 0 1 0 0 0 1 0 1 0 0 250 0 1
63.0 252.0 0 0 0 0 0 0 0 1 0 0 250 0 1
63.0 252.0 0 1 0 0 0 1 0 1 0 0 250 0 1
63.0 252.0 0 0 0 0 0 0 0 1 0 0 250 0 1
63.0 252.0 0 1 0 0 0 1 0 1 0 0 250 0 1
63.0 252.0 0 0 0 0 0 0 0 1 0 0 250 0 0
63.0 336.0 0 1 0 0 0 1 0 0 1 0 250 0 0
84.0 315.0 0 1 0 0 0 1 0 0 1 0 250 0 1
84.0 315.0 0 0 0 0 0 0 0 0 1 0 250 0 1
84.0 315.0 0 1 0 0 0 1 0 0 1 0 250 0 1
84.0 315.0 0 0 0 0 0 0 0 0 1 0 250 0 1
84.0 315.0 0 1 0 0 0 1 0 0 1 0 250 0 0
84.0 315.0 0 1 0 0 0 1 0 0 0 0 250 0 0
84.0 315.0 0 0 0 0 0 0 0 0 1 0 250 0 1
84.0 315.0 0 1 0 0 0 1 0 0 1 0 250 0 0
84.0 315.0 0 0 0 0 0 0 0 0 1 0 250 0 0
84.0 315.0 0 1 0 0 1 0 0 0 1 0 250 0 1
84.0 315.0 0 0 0 0 0 0 0 0 1 0 250 0 1
84.0 315.0 0 1 0 0 1 0 0 0 1 0 250 0 0
84.0 315.0 0 0 0 0 0 0 0 0 1 0 250 0 0
84.0 315.0 0 1 0 0 1 0 0 0 1 0 250 0 1
84.0 315.0 0 0 0 0 0 0 0 0 1 0 250 0 0
84.0 336.0 0 1 0 0 1 0 0 0 1 0 250 0 1
84.0 336.0 1 1 0 0 1 0 0 0 1 0 250 0 0
84.0 315.0 0 0 0 0 0 0 0 1 0 0 250 0 1
84.0 315.0 1 1 0 0 1 0 0 1 0 0 250 0 0
84.0 315.0 0 0 0 0 0 0 0 1 0 0 250 0 0
84.0 315.0 1 1 0 0 1 0 0 1 0 0 250 0 0
84.0 315.0 1 1 0 0 1 0 0 1 0 0 250 0 0
84.0 315.0 0 0 0 0 0 0 0 1 0 0 250 0 0
84.0 315.0 1 1 0 0 1 0 0 1 0 0 250 0 0
84.0 315.0 0 0 0 0 0 0 0 1 0 0 250 0 0
63.0 315.0 0 1 0 0 0 1 0 1 0 0 250 0 1
63.0 315.0 0 0 0 0 0 0 0 1 0 0 250 0 1
63.0 315.0 0 1 0 0 0 1 0 1 0 0 250 0 1
63.0 315.0 0 0 0 0 0 0 0 1 0 0 250 0 0
63.0 336.0 0 1 0 0 0 1 0 0 0 0 250 0 0
63.0 336.0 0 0 0 0 0 0 0 0 1 0 250 0 1
63.0 336.0 0 1 0 0 0 1 0 0 1 0 250 0 0
84.0 378.0 0 1 0 0 0 1 0 0 1 0 250 0 1
84.0 378.0 0 0 0 0 0 0 0 0 1 0 250 0 1
84.0 378.0 0 1 0 0 0 1 0 0 1 0 250 0 1
84.0 378.0 0 0 0 0 0 0 0 0 1 0 250 0 1
84.0 378.0 0 1 0 0 0 1 0 0 1 0 250 0 0
84.0 399.0 0 1 0 0 0 1 0 0 0 0 250 0 0
84.0 399.0 0 0 0 0 0 0 0 0 1 0 250 0 0
84.0 399.0 0 1 0 0 0 1 0 0 1 0 250 0 1
84.0 399.0 0 0 0 0 0 0 0 0 1 0 250 0 0
84.0 315.0 0 1 0 0 1 0 0 1 0 0 250 0 0
84.0 378.0 0 0 0 0 0 0 0 0 1 0 250 0 0
84.0 399.0 0 1 0 0 1 0 0 0 1 0 250 0 0
84.0 399.0 0 0 0 0 0 0 0 0 1 0 250 0 1
84.0 399.0 0 1 0 0 1 0 0 0 1 0 250 0 0
84.0 399.0 0 0 0 0 0 0 0 0 1 0 250 0 0
84.0 315.0 0 1 0 0 1 0 0 1 0 0 250 0 0
84.0 378.0 1 1 0 0 1 0 0 0 1 0 250 0 0
84.0 378.0 0 0 0 0 0 0 0 0 1 0 250 0 0
84.0 378.0 1 1 0 0 1 0 0 0 1 0 250 0 1
84.0 378.0 0 0 0 0 0 0 0 0 1 0 250 0 1
84.0 378.0 1 1 0 0 1 0 0 0 1 0 250 0 0
84.0 168.0 1 1 0 0 1 0 0 0 0 0 250 0 0
84.0 168.0 0 0 0 0 0 0 0 0 0 0 250 0 0
84.0 168.0 1 1 0 0 1 0 0 0 0 0 250 0 0
84.0 168.0 0 0 0 0 0 0 0 0 1 0 250 0 0
63.0 84.0 0 1 0 0 0 1 0 1 0 0 250 0 1
63.0 84.0 0 0 0 0 0 0 0 1 0 0 250 0 0
63.0 84.0 0 1 0 0 0 1 0 1 0 0 250 0 1
63.0 84.0 0 0 0 0 0 0 0 1 0 0 250 0 0
63.0 84.0 0 1 0 0 0 1 0 1 0 0 250 0 0
63.0 168.0 0 0 0 0 0 0 0 0 1 0 250 0 0
63.0 84.0 0 1 0 0 0 1 0 1 0 0 250 0 0
84.0 168.0 0 1 0 0 0 1 0 0 1 0 250 0 1
84.0 168.0 0 0 0 0 0 0 0 0 1 0 250 0 1
84.0 168.0 0 1 0 0 0 1 0 0 1 0 250 0 0
84.0 84.0 0 0 0 0 0 0 0 0 1 0 250 0 0
84.0 168.0 0 1 0 0 0 1 0 1 0 0 250 0 1
84.0 168.0 0 1 0 0 0 1 0 0 0 0 250 0 0
84.0 189.0 0 0 0 0 0 0 0 0 1 0 250 0 1
84.0 189.0 0 1 0 0 0 1 0 0 1 0 250 0 1
84.0 189.0 0 0 0 0 0 0 0 0 1 0 250 0 0
84.0 168.0 0 1 0 0 1 0 0 0 1 0 250 0 1
84.0 168.0 0 0 0 0 0 0 0 0 1 0 250 0 0
84.0 168.0 0 1 0 0 1 0 0 0 1 0 250 0 1
84.0 168.0 0 0 0 0 0 0 0 0 1 0 250 0 0
84.0 168.0 0 1 0 0 1 0 0 0 1 0 250 0 0
84.0 168.0 0 0 0 0 0 0 0 1 0 0 250 0 0
84.0 168.0 0 1 0 0 1 0 0 0 1 0 250 0 0
84.0 168.0 1 1 0 0 1 0 0 1 0 0 250 0 1
84.0 168.0 0 0 0 0 0 0 0 1 0 0 250 0 1
84.0 168.0 1 1 0 0 1 0 0 1 0 0 250 0 0
84.0 252.0 0 0 0 0 0 0 0 1 0 0 250 0 0
84.0 231.0 1 1 0 0 1 0 0 1 0 0 250 0 1
84.0 231.0 1 1 0 0 1 0 0 1 0 0 250 0 0
84.0 252.0 0 0 0 0 0 0 0 0 1 0 250 0 1
84.0 252.0 1 1 0 0 1 0 0 0 1 0 250 0 1
84.0 252.0 0 0 0 0 0 0 0 0 1 0 250 0 0
63.0 84.0 0 1 0 0 0 1 0 1 0 0 250 0 1
63.0 84.0 0 0 0 0 0 0 0 1 0 0 250 0 0
63.0 84.0 0 1 0 0 0 1 0 1 0 0 250 0 1
63.0 84.0 0 0 0 0 0 0 0 1 0 0 250 0 0
63.0 84.0 0 1 0 0 0 1 0 1 0 0 250 0 0
63.0 168.0 0 0 0 0 0 0 0 0 1 0 250 0 0
63.0 84.0 0 1 0 0 0 1 0 1 0 0 250 0 0
84.0 168.0 0 1 0 0 0 1 0 0 1 0 250 0 1
84.0 168.0 0 0 0 0 0 0 0 0 1 0 250 0 1
84.0 168.0 0 1 0 0 0 1 0 0 1 0 250 0 0
84.0 84.0 0 0 0 0 0 0 0 0 1 0 250 0 0
84.0 168.0 0 1 0 0 0 1 0 1 0 0 250 0 1
84.0 168.0 0 1 0 0 0 1 0 0 0 0 250 0 0
84.0 189.0 0 0 0 0 0 0 0 0 1 0 250 0 1
84.0 189.0 0 1 0 0 0 1 0 0 1 0 250 0 1
84.0 168.0 0 0 0 0 0 0 0 1 0 0 250 0 0
84.0 168.0 0 1 0 0 1 0 0 0 1 0 250 0 0
84.0 168.0 0 0 0 0 0 0 0 1 0 0 250 0 0
84.0 168.0 0 1 0 0 1 0 0 0 1 0 250 0 0
84.0 168.0 0 0 0 0 0 0 0 0 1 0 250 0 1
84.0 168.0 0 1 0 0 1 0 0 0 1 0 250 0 0
84.0 168.0 0 0 0 0 0 0 0 1 0 0 250 0 0
84.0 168.0 0 1 0 0 1 0 0 0 1 0 250 0 0
84.0 168.0 1 1 0 0 1 0 0 1 0 0 250 0 1
84.0 168.0 0 0 0 0 0 0 0 1 0 0 250 0 0
84.0 252.0 1 1 0 0 1 0 0 1 0 0 250 0 0
84.0 252.0 0 0 0 0 0 0 0 1 0 0 250 0 0
84.0 231.0 1 1 0 0 1 0 0 1 0 0 250 0 1
84.0 231.0 1 1 0 0 1 0 0 1 0 0 250 0 0
84.0 252.0 0 0 0 0 0 0 0 0 1 0 250 0 1
84.0 252.0 1 1 0 0 1 0 0 0 1 0 250 0 1
84.0 252.0 0 0 0 0 0 0 0 0 1 0 250 0 0
63.0 84.0 0 1 0 0 0 1 0 1 0 0 250 0 1
63.0 84.0 0 0 0 0 0 0 0 1 0 0 250 0 0
63.0 84.0 0 1 0 0 0 1 0 1 0 0 250 0 1
63.0 84.0 0 0 0 0 0 0 0 1 0 0 250 0 0
63.0 84.0 0 1 0 0 0 1 0 1 0 0 250 0 0
63.0 168.0 0 0 0 0 0 0 0 0 1 0 250 0 0
63.0 84.0 0 1 0 0 0 1 0 1 0 0 250 0 0
84.0 168.0 0 1 0 0 0 1 0 0 1 0 250 0 1
84.0 168.0 0 0 0 0 0 0 0 0 1 0 250 0 0
84.0 84.0 0 1 0 0 0 1 0 1 0 0 250 0 1
84.0 84.0 0 0 0 0 0 0 0 1 0 0 250 0 0
84.0 84.0 0 1 0 0 0 1 0 1 0 0 250 0 1
84.0 84.0 0 1 0 0 0 1 0 1 0 0 250 0 1
84.0 84.0 0 0 0 0 0 0 0 1 0 0 250 0 1
84.0 84.0 0 1 0 0 0 1 0 1 0 0 250 0 0
84.0 168.0 0 0 0 0 0 0 0 0 0 0 250 0 0
84.0 168.0 0 1 0 0 1 0 0 0 1 0 250 0 1
84.0 168.0 0 0 0 0 0 0 0 0 1 0 250 0 0
84.0 168.0 0 1 0 0 1 0 0 0 1 0 250 0 1
84.0 168.0 0 0 0 0 0 0 0 0 1 0 250 0 0
84.0 168.0 0 1 0 0 1 0 0 0 1 0 250 0 1
84.0 168.0 0 0 0 0 0 0 0 0 1 0 250 0 0
84.0 168.0 0 1 0 0 1 0 0 0 1 0 250 0 0
84.0 168.0 1 1 0 0 1 0 0 1 0 0 250 0 0
84.0 189.0 0 0 0 0 0 0 0 0 1 0 250 0 0
84.0 168.0 1 1 0 0 1 0 0 1 0 0 250 0 1
84.0 168.0 0 0 0 0 0 0 0 1 0 0 250 0 1
84.0 168.0 1 1 0 0 1 0 0 1 0 0 250 0 0
84.0 315.0 1 1 0 0 1 0 0 1 0 0 250 0 0
84.0 315.0 0 0 0 0 0 0 0 0 1 0 250 0 0
84.0 315.0 1 1 0 0 1 0 0 0 1 0 250 0 0
84.0 315.0 0 0 0 0 0 0 0 0 1 0 250 0 1
63.0 315.0 0 1 0 0 0 1 0 1 0 0 250 0 1
63.0 315.0 0 0 0 0 0 0 0 1 0 0 250 0 1
63.0 315.0 0 1 0 0 0 1 0 1 0 0 250 0 1
63.0 315.0 0 0 0 0 0 0 0 1 0 0 250 0 0
63.0 336.0 0 1 0 0 0 1 0 0 0 0 250 0 0
63.0 336.0 0 0 0 0 0 0 0 0 1 0 250 0 1
63.0 336.0 0 1 0 0 0 1 0 1 0 0 250 0 0
84.0 378.0 0 1 0 0 0 1 0 0 1 0 250 0 1
84.0 378.0 0 0 0 0 0 0 0 0 1 0 250 0 1
84.0 378.0 0 1 0 0 0 1 0 0 1 0 250 0 1
84.0 378.0 0 0 0 0 0 0 0 0 1 0 250 0 1
84.0 378.0 0 1 0 0 0 1 0 0 1 0 250 0 0
84.0 399.0 0 1 0 0 0 1 0 0 0 0 250 0 0
84.0 399.0 0 0 0 0 0 0 0 1 0 0 250 0 0
84.0 357.0 0 1 0 0 0 1 0 1 0 0 250 0 0
84.0 399.0 0 0 0 0 0 0 0 0 1 0 250 0 0
84.0 357.0 0 1 0 0 1 0 0 1 0 0 250 0 0
84.0 357.0 0 0 0 0 0 0 0 1 0 0 250 0 1
84.0 357.0 0 1 0 0 1 0 0 1 0 0 250 0 1
84.0 357.0 0 0 0 0 0 0 0 1 0 0 250 0 0
84.0 315.0 0 1 0 0 1 0 0 1 0 0 250 0 1
84.0 315.0 0 0 0 0 0 0 0 1 0 0 250 0 0
84.0 357.0 0 1 0 0 1 0 0 1 0 0 250 0 0
84.0 399.0 1 1 0 0 1 0 0 0 1 0 250 0 1
84.0 399.0 0 0 0 0 0 0 0 0 1 0 250 0 0
84.0 399.0 1 1 0 0 1 0 0 0 0 0 250 0 0
84.0 399.0 0 0 0 0 0 0 0 0 0 0 250 0 0
84.0 399.0 1 1 0 0 1 0 0 0 0 0 250 0 0
84.0 399.0 1 1 0 0 1 0 0 0 0 0 250 0 0
84.0 399.0 0 0 0 0 0 0 0 0 0 0 250 0 0
84.0 399.0 1 1 0 0 1 0 0 0 0 0 250 0 0
84.0 399.0 0 0 0 0 0 0 0 0 0 0 250 0 0
0.0 0.0 0 0 0 0 0 0 0 0 0 0 250 0 0
1000.0 1000.0 0 0 0 0 0 0 0 0 0 0 250 0 0