0.0 168.0 0 0 0 0 0 0 0 0 0 1 195 0 0
0.0 165.2 0 0 0 0 0 0 0 0 1 0 204 0 0
0.0 168.0 0 0 0 0 0 0 0 0 0 1 173 0 0
0.0 165.2 0 0 0 0 0 0 0 0 1 0 186 0 0
0.0 168.0 0 0 0 0 0 0 0 0 0 1 186 0 0
0.0 231.0 0 0 0 0 0 0 0 0 0 1 182 0 0
0.0 189.0 0 0 0 0 0 0 0 0 0 1 189 0 0
0.0 210.0 0 0 0 0 0 0 0 0 0 1 192 0 0
105.0 252.0 1 0 0 0 0 0 0 0 0 1 179 0 0
189.0 252.0 1 0 0 0 0 0 0 0 0 0 189 0 0
252.0 210.0 1 0 0 0 0 0 0 0 0 0 186 0 0
294.0 168.0 1 0 0 0 0 0 0 0 0 0 157 0 0
336.0 126.0 1 0 0 0 0 0 0 0 0 0 179 0 0
399.0 63.0 1 0 0 0 0 0 0 0 0 0 170 0 0
420.0 42.0 1 0 0 0 0 0 0 0 0 0 40 0 0
231.0 42.0 0 0 0 0 0 0 0 0 0 0 40 0 0
42.0 42.0 1 0 0 0 0 0 0 0 0 0 176 0 0
189.0 42.0 1 0 0 0 0 0 0 0 0 0 167 0 0
207.7 42.0 0 1 0 0 0 0 0 0 0 0 176 0 0
336.0 42.0 1 0 0 0 0 0 0 0 0 0 186 0 0
354.7 42.0 0 1 0 0 0 0 0 0 0 0 204 0 0
420.0 42.0 1 0 0 0 0 0 0 0 0 0 204 0 0
105.0 210.0 1 0 0 0 0 0 0 0 0 1 211 0 0
189.0 210.0 1 0 0 0 0 0 0 0 0 0 198 0 0
252.0 210.0 1 0 0 0 0 0 0 0 0 0 186 0 0
147.0 315.0 0 0 0 0 0 0 0 0 0 1 208 0 0
147.0 168.0 0 0 0 0 0 0 0 0 0 1 189 0 0
147.0 165.2 0 0 0 0 0 0 0 0 1 0 189 0 0
147.0 168.0 0 0 0 0 0 0 0 0 0 1 176 0 0
147.0 165.2 0 0 0 0 0 0 0 0 1 0 176 0 0
147.0 168.0 0 0 0 0 0 0 0 0 0 1 173 0 0
147.0 231.0 0 0 0 0 0 0 0 0 0 1 182 0 0
147.0 189.0 0 0 0 0 0 0 0 0 0 1 182 0 0
147.0 210.0 0 0 0 0 0 0 0 0 0 1 198 0 0
105.0 252.0 1 0 0 0 0 0 0 0 0 1 173 0 0
189.0 252.0 1 0 0 0 0 0 0 0 0 0 173 0 0
252.0 210.0 1 0 0 0 0 0 0 0 0 0 170 0 0
294.0 168.0 1 0 0 0 0 0 0 0 0 0 189 0 0
336.0 126.0 1 0 0 0 0 0 0 0 0 0 173 0 0
399.0 63.0 1 0 0 0 0 0 0 0 0 0 40 0 0
220.5 147.0 0 0 0 0 0 0 0 0 0 0 150 0 0
42.0 231.0 1 0 0 0 0 0 0 0 0 1 142 0 0
189.0 231.0 1 0 0 0 0 0 0 0 0 0 157 0 0
207.7 231.0 0 1 0 0 0 0 0 0 0 0 173 0 0
147.0 315.0 0 0 0 0 0 0 0 0 0 1 192 0 0
147.0 210.0 0 0 0 0 0 0 0 0 0 1 192 0 0
147.0 231.0 0 0 0 0 0 0 0 0 0 1 176 0 0
105.0 252.0 1 0 0 0 0 0 0 0 0 1 220 0 0
189.0 252.0 1 0 0 0 0 0 0 0 0 0 236 0 0
252.0 210.0 1 0 0 0 0 0 0 0 0 0 412 0 0
252.0 168.0 0 0 0 0 0 0 0 0 0 1 186 0 0
252.0 165.2 0 0 0 0 0 0 0 0 1 0 189 0 0
252.0 168.0 0 0 0 0 0 0 0 0 0 1 189 0 0
252.0 165.2 0 0 0 0 0 0 0 0 1 0 173 0 0
252.0 168.0 0 0 0 0 0 0 0 0 0 1 192 0 0
231.0 231.0 0 0 0 0 0 0 0 0 0 1 201 0 0
231.0 189.0 0 0 0 0 0 0 0 0 0 1 160 0 0
231.0 210.0 0 0 0 0 0 0 0 0 0 1 189 0 0
210.0 252.0 0 0 0 0 0 0 0 0 0 1 40 0 0
105.0 252.0 1 0 0 0 0 0 0 0 0 0 164 0 0
189.0 252.0 1 0 0 0 0 0 0 0 0 0 176 0 0
252.0 210.0 1 0 0 0 0 0 0 0 0 0 170 0 0
294.0 168.0 1 0 0 0 0 0 0 0 0 0 204 0 0
336.0 126.0 1 0 0 0 0 0 0 0 0 0 173 0 0
399.0 63.0 1 0 0 0 0 0 0 0 0 0 40 0 0
220.5 147.0 0 0 0 0 0 0 0 0 0 0 150 0 0
42.0 231.0 1 0 0 0 0 0 0 0 0 1 189 0 0
189.0 231.0 1 0 0 0 0 0 0 0 0 0 151 0 0
207.7 231.0 0 1 0 0 0 0 0 0 0 0 186 0 0
147.0 315.0 0 0 0 0 0 0 0 0 0 1 167 0 0
147.0 251.5 0 0 0 0 0 0 0 0 1 0 189 0 0
147.0 231.0 0 0 0 0 0 0 0 0 0 1 173 0 0
105.0 210.0 1 0 0 0 0 0 0 0 0 1 192 0 0
189.0 210.0 1 0 0 0 0 0 0 0 0 0 189 0 0
252.0 210.0 1 0 0 0 0 0 0 0 0 0 186 0 0
147.0 315.0 0 0 0 0 0 0 0 0 0 1 192 0 0
147.0 168.0 0 0 0 0 0 0 0 0 0 1 182 0 0
147.0 165.2 0 0 0 0 0 0 0 0 1 0 173 0 0
147.0 168.0 0 0 0 0 0 0 0 0 0 1 192 0 0
147.0 165.2 0 0 0 0 0 0 0 0 1 0 170 0 0
147.0 168.0 0 0 0 0 0 0 0 0 0 1 179 0 0
147.0 231.0 0 0 0 0 0 0 0 0 0 1 201 0 0
147.0 189.0 0 0 0 0 0 0 0 0 0 1 201 0 0
147.0 210.0 0 0 0 0 0 0 0 0 0 1 204 0 0
105.0 252.0 1 0 0 0 0 0 0 0 0 1 204 0 0
189.0 252.0 1 0 0 0 0 0 0 0 0 0 173 0 0
252.0 210.0 1 0 0 0 0 0 0 0 0 0 186 0 0
294.0 168.0 1 0 0 0 0 0 0 0 0 0 170 0 0
336.0 126.0 1 0 0 0 0 0 0 0 0 0 189 0 0
399.0 63.0 1 0 0 0 0 0 0 0 0 0 40 0 0
220.5 147.0 0 0 0 0 0 0 0 0 0 0 150 0 0
42.0 231.0 1 0 0 0 0 0 0 0 0 1 142 0 0
189.0 231.0 1 0 0 0 0 0 0 0 0 0 182 0 0
207.7 231.0 0 1 0 0 0 0 0 0 0 0 157 0 0
147.0 315.0 0 0 0 0 0 0 0 0 0 1 201 0 0
147.0 210.0 0 0 0 0 0 0 0 0 0 1 182 0 0
147.0 231.0 0 0 0 0 0 0 0 0 0 1 182 0 0
105.0 252.0 1 0 0 0 0 0 0 0 0 1 204 0 0
189.0 252.0 1 0 0 0 0 0 0 0 0 0 204 0 0
252.0 210.0 1 0 0 0 0 0 0 0 0 0 129 0 0
231.0 231.0 0 0 0 0 0 0 0 0 0 1 186 0 0
231.0 210.0 0 0 0 0 0 0 0 0 0 1 192 0 0
231.0 189.0 0 0 0 0 0 0 0 0 0 1 211 0 0
147.0 168.0 1 0 0 0 0 0 0 0 0 1 189 0 0
231.0 168.0 1 0 0 0 0 0 0 0 0 0 192 0 0
294.0 168.0 1 0 0 0 0 0 0 0 0 0 170 0 0
189.0 273.0 0 0 0 0 0 0 0 0 0 1 173 0 0
189.0 147.0 0 0 0 0 0 0 0 0 0 1 189 0 0
189.0 168.0 0 0 0 0 0 0 0 0 0 1 189 0 0
84.0 189.0 1 0 0 0 0 0 0 0 0 1 195 0 0
231.0 189.0 1 0 0 0 0 0 0 0 0 0 167 0 0
273.0 189.0 1 0 0 0 0 0 0 0 0 0 142 0 0
168.0 294.0 0 0 0 0 0 0 0 0 0 1 204 0 0
168.0 168.0 0 0 0 0 0 0 0 0 0 1 192 0 0
168.0 189.0 0 0 0 0 0 0 0 0 0 1 192 0 0
105.0 210.0 1 0 0 0 0 0 0 0 0 1 201 0 0
189.0 210.0 1 0 0 0 0 0 0 0 0 0 195 0 0
252.0 210.0 1 0 0 0 0 0 0 0 0 0 182 0 0
147.0 315.0 0 0 0 0 0 0 0 0 0 1 195 0 0
147.0 189.0 0 0 0 0 0 0 0 0 0 1 173 0 0
147.0 210.0 0 0 0 0 0 0 0 0 0 1 220 0 0
42.0 231.0 1 0 0 0 0 0 0 0 0 1 220 0 0
189.0 231.0 1 0 0 0 0 0 0 0 0 0 173 0 0
147.0 315.0 0 0 0 0 0 0 0 0 0 1 270 0 0
147.0 168.0 0 0 0 0 0 0 0 0 0 1 119 0 0
147.0 315.0 0 0 0 0 0 0 0 0 0 1 126 0 0
147.0 168.0 0 0 0 0 0 0 0 0 0 1 79 0 0
147.0 168.0 0 0 0 0 0 0 0 0 0 1 186 0 0
147.0 21.0 0 0 0 0 0 0 0 0 0 1 116 0 0
147.0 165.2 0 0 0 0 0 0 0 0 1 0 236 0 0
147.0 168.0 0 0 0 0 0 0 0 0 0 1 220 0 0
147.0 165.2 0 0 0 0 0 0 0 0 1 0 245 0 0
147.0 168.0 0 0 0 0 0 0 0 0 0 1 255 0 0
147.0 165.2 0 0 0 0 0 0 0 0 1 0 299 0 0
147.0 168.0 0 0 0 0 0 0 0 0 0 1 362 0 0
147.0 165.2 0 0 0 0 0 0 0 0 1 0 292 0 0
147.0 168.0 0 0 0 0 0 0 0 0 0 1 267 0 0
147.0 165.2 0 0 0 0 0 0 0 0 1 0 220 0 0
147.0 168.0 0 0 0 0 0 0 0 0 0 1 220 0 0
147.0 165.2 0 0 0 0 0 0 0 0 1 0 189 0 0
147.0 168.0 0 0 0 0 0 0 0 0 0 1 204 0 0
147.0 231.0 0 0 0 0 0 0 0 0 0 1 208 0 0
147.0 189.0 0 0 0 0 0 0 0 0 0 1 220 0 0
147.0 210.0 0 0 0 0 0 0 0 0 0 1 233 0 0
105.0 252.0 1 0 0 0 0 0 0 0 0 1 192 0 0
189.0 252.0 1 0 0 0 0 0 0 0 0 0 189 0 0
252.0 210.0 1 0 0 0 0 0 0 0 0 0 88 0 0
294.0 168.0 1 0 0 0 0 0 0 0 0 0 182 0 0
336.0 126.0 1 0 0 0 0 0 0 0 0 0 157 0 0
399.0 63.0 1 0 0 0 0 0 0 0 0 0 157 0 0
420.0 42.0 1 0 0 0 0 0 0 0 0 0 40 0 0
231.0 42.0 0 0 0 0 0 0 0 0 0 0 40 0 0
42.0 42.0 1 0 0 0 0 0 0 0 0 0 126 0 0
189.0 42.0 1 0 0 0 0 0 0 0 0 0 164 0 0
207.7 42.0 0 1 0 0 0 0 0 0 0 0 164 0 0
336.0 42.0 1 0 0 0 0 0 0 0 0 0 179 0 0
354.7 42.0 0 1 0 0 0 0 0 0 0 0 182 0 0
420.0 42.0 1 0 0 0 0 0 0 0 0 0 157 0 0
105.0 210.0 1 0 0 0 0 0 0 0 0 1 179 0 0
189.0 210.0 1 0 0 0 0 0 0 0 0 0 192 0 0
252.0 210.0 1 0 0 0 0 0 0 0 0 0 211 0 0
147.0 315.0 0 0 0 0 0 0 0 0 0 1 189 0 0
147.0 168.0 0 0 0 0 0 0 0 0 0 1 182 0 0
147.0 165.2 0 0 0 0 0 0 0 0 1 0 179 0 0
147.0 168.0 0 0 0 0 0 0 0 0 0 1 192 0 0
147.0 165.2 0 0 0 0 0 0 0 0 1 0 173 0 0
147.0 168.0 0 0 0 0 0 0 0 0 0 1 176 0 0
147.0 231.0 0 0 0 0 0 0 0 0 0 1 179 0 0
147.0 189.0 0 0 0 0 0 0 0 0 0 1 189 0 0
147.0 210.0 0 0 0 0 0 0 0 0 0 1 201 0 0
147.0 252.0 0 0 0 0 0 0 0 0 0 1 40 0 0
105.0 252.0 1 0 0 0 0 0 0 0 0 0 179 0 0
189.0 252.0 1 0 0 0 0 0 0 0 0 0 173 0 0
252.0 210.0 1 0 0 0 0 0 0 0 0 0 189 0 0
294.0 168.0 1 0 0 0 0 0 0 0 0 0 204 0 0
336.0 126.0 1 0 0 0 0 0 0 0 0 0 192 0 0
399.0 63.0 1 0 0 0 0 0 0 0 0 0 40 0 0
220.5 147.0 0 0 0 0 0 0 0 0 0 0 150 0 0
42.0 231.0 1 0 0 0 0 0 0 0 0 1 142 0 0
189.0 231.0 1 0 0 0 0 0 0 0 0 0 157 0 0
207.7 231.0 0 1 0 0 0 0 0 0 0 0 189 0 0
147.0 315.0 0 0 0 0 0 0 0 0 0 1 198 0 0
147.0 210.0 0 0 0 0 0 0 0 0 0 1 211 0 0
147.0 231.0 0 0 0 0 0 0 0 0 0 1 179 0 0
105.0 252.0 1 0 0 0 0 0 0 0 0 1 220 0 0
189.0 252.0 1 0 0 0 0 0 0 0 0 0 248 0 0
252.0 210.0 1 0 0 0 0 0 0 0 0 0 233 0 0
231.4 210.0 0 1 0 0 0 0 0 0 0 1 133 0 0
252.0 210.0 1 0 0 0 0 0 0 0 0 1 119 0 0
231.0 210.0 1 0 0 0 0 0 0 0 0 1 261 0 0
168.0 294.0 0 0 0 0 0 0 0 0 0 1 109 0 0
168.0 252.0 0 0 0 0 0 0 0 0 0 1 117 0 0
210.0 210.0 1 0 0 0 0 0 0 0 0 1 186 0 0
252.0 210.0 1 0 0 0 0 0 0 0 0 0 189 0 0
294.0 168.0 1 0 0 0 0 0 0 0 0 0 168 0 0
252.0 168.0 1 0 0 0 0 0 0 0 0 0 161 0 0
294.0 147.0 1 0 0 0 0 0 0 0 0 1 161 0 0
252.0 147.0 1 0 0 0 0 0 0 0 0 0 118 0 0
252.0 168.0 0 0 0 0 0 0 0 0 0 1 60 0 0
210.0 168.0 1 0 0 0 0 0 0 0 0 1 179 0 0
231.4 168.0 0 1 0 0 0 0 0 0 0 0 168 0 0
231.4 189.0 0 0 0 0 0 0 0 0 0 1 40 0 0
315.0 147.0 1 0 0 0 0 0 0 0 0 0 143 0 0
231.4 147.0 0 1 0 0 0 0 0 0 0 0 161 0 0
231.4 80.8 0 0 0 0 0 0 0 0 1 0 40 0 0
315.0 80.8 1 0 0 0 0 0 0 0 0 0 143 0 0
231.4 80.8 0 1 0 0 0 0 0 0 0 0 111 0 0
231.4 105.0 0 0 0 0 0 0 0 0 0 1 60 0 0
210.0 105.0 1 0 0 0 0 0 0 0 0 1 171 0 0
336.0 105.0 1 0 0 0 0 0 0 0 0 0 40 0 0
336.0 126.0 0 0 0 0 0 0 0 0 0 1 157 0 0
210.0 147.0 1 0 0 0 0 0 0 0 0 1 40 0 0
231.0 147.0 1 0 0 0 0 0 0 0 0 0 161 0 0
294.0 168.0 1 0 0 0 0 0 0 0 0 1 143 0 0
210.0 189.0 1 0 0 0 0 0 0 0 0 1 150 0 0
252.0 210.0 1 0 0 0 0 0 0 0 0 1 82 0 0
210.0 227.8 1 0 0 0 0 0 0 0 1 0 196 0 0
252.0 210.0 1 0 0 0 0 0 0 0 0 0 171 0 0
210.0 252.0 1 0 0 0 0 0 0 0 0 1 89 0 0
252.0 210.0 1 0 0 0 0 0 0 0 0 0 107 0 0
234.2 227.8 1 0 0 0 0 0 0 0 1 0 61 0 0
210.0 252.0 0 0 0 0 0 0 0 0 0 1 64 0 0
189.0 273.0 0 0 0 0 0 0 0 0 0 1 64 0 0
210.0 252.0 1 0 0 0 0 0 0 0 0 1 89 0 0
210.0 227.8 0 0 0 0 0 0 0 0 1 0 100 0 0
210.0 210.0 1 0 0 0 0 0 0 0 0 1 164 0 0
252.0 210.0 1 0 0 0 0 0 0 0 0 0 179 0 0
294.0 168.0 1 0 0 0 0 0 0 0 0 0 175 0 0
252.0 168.0 1 0 0 0 0 0 0 0 0 0 154 0 0
273.0 189.0 1 0 0 0 0 0 0 0 0 1 200 0 0
252.0 165.2 1 0 0 0 0 0 0 0 1 0 82 0 0
189.0 168.0 1 0 0 0 0 0 0 0 0 1 179 0 0
252.0 168.0 1 0 0 0 0 0 0 0 0 0 182 0 0
294.0 168.0 1 0 0 0 0 0 0 0 0 0 154 0 0
252.0 168.0 1 0 0 0 0 0 0 0 0 1 164 0 0
168.0 147.0 1 0 0 0 0 0 0 0 0 1 179 0 0
210.0 252.0 1 0 0 0 0 0 0 0 0 1 189 0 0
231.0 210.0 1 0 0 0 0 0 0 0 0 1 161 0 0
147.0 315.0 0 0 0 0 0 0 0 0 0 1 161 0 0
231.0 231.0 1 0 0 0 0 0 0 0 0 0 132 0 0
273.0 189.0 1 0 0 0 0 0 0 0 0 1 71 0 0
252.0 210.0 0 0 0 0 0 0 0 0 0 1 71 0 0
231.0 231.0 0 0 0 0 0 0 0 0 0 1 71 0 0
231.0 210.0 0 0 0 0 0 0 0 0 0 1 54 0 0
231.0 189.0 1 0 0 0 0 0 0 0 0 1 161 0 0
168.0 294.0 0 0 0 0 0 0 0 0 0 1 60 0 0
168.0 231.0 0 0 0 0 0 0 0 0 0 1 64 0 0
252.0 210.0 1 0 0 0 0 0 0 0 0 1 93 0 0
252.0 126.0 0 0 0 0 0 0 0 0 0 1 104 0 0
189.0 273.0 0 0 0 0 0 0 0 0 0 1 89 0 0
189.0 126.0 0 0 0 0 0 0 0 0 0 1 100 0 0
189.0 252.0 0 0 0 0 0 0 0 0 0 1 89 0 0
189.0 126.0 0 0 0 0 0 0 0 0 0 1 86 0 0
231.0 231.0 1 0 0 0 0 0 0 0 0 1 71 0 0
231.0 126.0 0 0 0 0 0 0 0 0 0 1 86 0 0
231.0 210.0 0 0 0 0 0 0 0 0 0 1 40 0 0
189.0 273.0 1 0 0 0 0 0 0 0 0 1 60 0 0
189.0 126.0 0 0 0 0 0 0 0 0 0 1 100 0 0
273.0 189.0 1 0 0 0 0 0 0 0 0 1 100 0 0
273.0 126.0 0 0 0 0 0 0 0 0 0 1 111 0 0
294.0 168.0 1 0 0 0 0 0 0 0 0 1 107 0 0
294.0 126.0 0 0 0 0 0 0 0 0 0 1 111 0 0
294.0 63.0 0 0 0 0 0 0 0 0 0 1 104 0 0
294.0 84.0 0 0 0 0 0 0 0 0 0 1 125 0 0
210.0 105.0 1 0 0 0 0 0 0 0 0 1 111 0 0
210.0 126.0 0 0 0 0 0 0 0 0 0 1 86 0 0
210.0 147.0 0 0 0 0 0 0 0 0 0 1 107 0 0
210.0 168.0 0 0 0 0 0 0 0 0 0 1 107 0 0
231.0 189.0 1 0 0 0 0 0 0 0 0 1 96 0 0
231.0 126.0 0 0 0 0 0 0 0 0 0 1 100 0 0
231.0 147.0 0 0 0 0 0 0 0 0 0 1 89 0 0
231.0 189.0 0 0 0 0 0 0 0 0 0 1 125 0 0
252.0 210.0 1 0 0 0 0 0 0 0 0 1 100 0 0
252.0 126.0 0 0 0 0 0 0 0 0 0 1 107 0 0
189.0 273.0 0 0 0 0 0 0 0 0 0 1 93 0 0
189.0 126.0 0 0 0 0 0 0 0 0 0 1 100 0 0
189.0 252.0 0 0 0 0 0 0 0 0 0 1 89 0 0
189.0 126.0 0 0 0 0 0 0 0 0 0 1 93 0 0
231.0 231.0 1 0 0 0 0 0 0 0 0 1 104 0 0
231.0 126.0 0 0 0 0 0 0 0 0 0 1 104 0 0
252.0 210.0 1 0 0 0 0 0 0 0 0 1 89 0 0
252.0 126.0 0 0 0 0 0 0 0 0 0 1 104 0 0
273.0 189.0 1 0 0 0 0 0 0 0 0 1 89 0 0
273.0 126.0 0 0 0 0 0 0 0 0 0 1 129 0 0
294.0 168.0 1 0 0 0 0 0 0 0 0 1 111 0 0
294.0 126.0 0 0 0 0 0 0 0 0 0 1 107 0 0
294.0 63.0 0 0 0 0 0 0 0 0 0 1 121 0 0
294.0 84.0 0 0 0 0 0 0 0 0 0 1 125 0 0
210.0 105.0 1 0 0 0 0 0 0 0 0 1 107 0 0
210.0 126.0 0 0 0 0 0 0 0 0 0 1 89 0 0
210.0 147.0 0 0 0 0 0 0 0 0 0 1 107 0 0
210.0 168.0 0 0 0 0 0 0 0 0 0 1 114 0 0
231.0 189.0 1 0 0 0 0 0 0 0 0 1 104 0 0
231.0 126.0 0 0 0 0 0 0 0 0 0 1 129 0 0
231.0 147.0 0 0 0 0 0 0 0 0 0 1 118 0 0
231.0 189.0 0 0 0 0 0 0 0 0 0 1 107 0 0
207.7 168.0 0 1 0 0 0 0 0 0 0 1 40 0 0
273.0 168.0 1 0 0 0 0 0 0 0 0 0 118 0 0
273.0 147.0 0 0 0 0 0 0 0 0 0 1 118 0 0
273.0 168.0 0 0 0 0 0 0 0 0 0 1 114 0 0
273.0 165.2 0 0 0 0 0 0 0 0 1 0 107 0 0
273.0 168.0 0 0 0 0 0 0 0 0 0 1 129 0 0
231.0 231.0 0 0 0 0 0 0 0 0 0 1 100 0 0
231.0 168.0 0 0 0 0 0 0 0 0 0 1 125 0 0
231.0 165.2 0 0 0 0 0 0 0 0 1 0 132 0 0
231.0 168.0 0 0 0 0 0 0 0 0 0 1 125 0 0
231.0 231.0 0 0 0 0 0 0 0 0 0 1 89 0 0
231.0 168.0 0 0 0 0 0 0 0 0 0 1 129 0 0
231.0 165.2 0 0 0 0 0 0 0 0 1 0 214 0 0
231.0 168.0 0 0 0 0 0 0 0 0 0 1 857 0 0
231.0 231.0 0 0 0 0 0 0 0 0 0 1 250 0 0
231.0 168.0 0 0 0 0 0 0 0 0 0 1 254 0 0
231.0 165.2 0 0 0 0 0 0 0 0 1 0 304 0 0
231.0 168.0 0 0 0 0 0 0 0 0 0 1 950 0 0
231.0 231.0 0 0 0 0 0 0 0 0 0 1 339 0 0
231.0 168.0 0 0 0 0 0 0 0 0 0 1 357 0 0
231.0 165.2 0 0 0 0 0 0 0 0 1 0 357 0 0
231.0 168.0 0 0 0 0 0 0 0 0 0 1 211 0 0
231.0 165.2 0 0 0 0 0 0 0 0 1 0 311 0 0
231.0 168.0 0 0 0 0 0 0 0 0 0 1 211 0 0
231.0 165.2 0 0 0 0 0 0 0 0 1 0 468 0 0
231.0 168.0 0 0 0 0 0 0 0 0 0 1 318 0 0
231.0 165.2 0 0 0 0 0 0 0 0 1 0 332 0 0
231.0 168.0 0 0 0 0 0 0 0 0 0 1 264 0 0
231.0 165.2 0 0 0 0 0 0 0 0 1 0 268 0 0
231.0 168.0 0 0 0 0 0 0 0 0 0 1 236 0 0
231.0 231.0 0 0 0 0 0 0 0 0 0 1 222 0 0
231.0 189.0 0 0 0 0 0 0 0 0 0 1 208 0 0
231.0 210.0 0 0 0 0 0 0 0 0 0 1 224 0 0
210.0 252.0 0 0 0 0 0 0 0 0 0 1 40 0 0
105.0 252.0 1 0 0 0 0 0 0 0 0 0 189 0 0
189.0 252.0 1 0 0 0 0 0 0 0 0 0 170 0 0
252.0 210.0 1 0 0 0 0 0 0 0 0 0 189 0 0
294.0 168.0 1 0 0 0 0 0 0 0 0 0 173 0 0
336.0 126.0 1 0 0 0 0 0 0 0 0 0 173 0 0
399.0 63.0 1 0 0 0 0 0 0 0 0 0 40 0 0
220.5 147.0 0 0 0 0 0 0 0 0 0 0 150 0 0
42.0 231.0 1 0 0 0 0 0 0 0 0 1 167 0 0
189.0 231.0 1 0 0 0 0 0 0 0 0 0 151 0 0
207.7 231.0 0 1 0 0 0 0 0 0 0 0 154 0 0
147.0 315.0 0 0 0 0 0 0 0 0 0 1 148 0 0
147.0 251.5 0 0 0 0 0 0 0 0 1 0 182 0 0
147.0 231.0 0 0 0 0 0 0 0 0 0 1 189 0 0
105.0 210.0 1 0 0 0 0 0 0 0 0 1 220 0 0
189.0 210.0 1 0 0 0 0 0 0 0 0 0 189 0 0
252.0 210.0 1 0 0 0 0 0 0 0 0 0 164 0 0
147.0 315.0 0 0 0 0 0 0 0 0 0 1 173 0 0
147.0 168.0 0 0 0 0 0 0 0 0 0 1 182 0 0
147.0 165.2 0 0 0 0 0 0 0 0 1 0 204 0 0
147.0 168.0 0 0 0 0 0 0 0 0 0 1 189 0 0
147.0 165.2 0 0 0 0 0 0 0 0 1 0 160 0 0
147.0 168.0 0 0 0 0 0 0 0 0 0 1 170 0 0
147.0 231.0 0 0 0 0 0 0 0 0 0 1 176 0 0
147.0 189.0 0 0 0 0 0 0 0 0 0 1 170 0 0
147.0 210.0 0 0 0 0 0 0 0 0 0 1 220 0 0
105.0 252.0 1 0 0 0 0 0 0 0 0 1 195 0 0
189.0 252.0 1 0 0 0 0 0 0 0 0 0 189 0 0
252.0 210.0 1 0 0 0 0 0 0 0 0 0 167 0 0
294.0 168.0 1 0 0 0 0 0 0 0 0 0 160 0 0
336.0 126.0 1 0 0 0 0 0 0 0 0 0 160 0 0
399.0 63.0 1 0 0 0 0 0 0 0 0 0 40 0 0
220.5 147.0 0 0 0 0 0 0 0 0 0 0 150 0 0
42.0 231.0 1 0 0 0 0 0 0 0 0 1 132 0 0
189.0 231.0 1 0 0 0 0 0 0 0 0 0 113 0 0
207.7 231.0 0 1 0 0 0 0 0 0 0 0 160 0 0
147.0 315.0 0 0 0 0 0 0 0 0 0 1 176 0 0
147.0 210.0 0 0 0 0 0 0 0 0 0 1 173 0 0
147.0 231.0 0 0 0 0 0 0 0 0 0 1 186 0 0
147.0 252.0 0 0 0 0 0 0 0 0 0 1 40 0 0
105.0 252.0 1 0 0 0 0 0 0 0 0 0 173 0 0
189.0 252.0 1 0 0 0 0 0 0 0 0 0 192 0 0
252.0 210.0 1 0 0 0 0 0 0 0 0 0 119 0 0
231.0 231.0 0 0 0 0 0 0 0 0 0 1 186 0 0
231.0 210.0 0 0 0 0 0 0 0 0 0 1 164 0 0
231.0 189.0 0 0 0 0 0 0 0 0 0 1 182 0 0
147.0 168.0 1 0 0 0 0 0 0 0 0 1 173 0 0
231.0 168.0 1 0 0 0 0 0 0 0 0 0 173 0 0
294.0 168.0 1 0 0 0 0 0 0 0 0 0 142 0 0
189.0 273.0 0 0 0 0 0 0 0 0 0 1 176 0 0
189.0 147.0 0 0 0 0 0 0 0 0 0 1 170 0 0
189.0 168.0 0 0 0 0 0 0 0 0 0 1 182 0 0
84.0 189.0 1 0 0 0 0 0 0 0 0 1 148 0 0
231.0 189.0 1 0 0 0 0 0 0 0 0 0 135 0 0
273.0 189.0 1 0 0 0 0 0 0 0 0 0 157 0 0
168.0 294.0 0 0 0 0 0 0 0 0 0 1 176 0 0
168.0 168.0 0 0 0 0 0 0 0 0 0 1 176 0 0
168.0 189.0 0 0 0 0 0 0 0 0 0 1 176 0 0
105.0 210.0 1 0 0 0 0 0 0 0 0 1 179 0 0
189.0 210.0 1 0 0 0 0 0 0 0 0 0 182 0 0
252.0 210.0 1 0 0 0 0 0 0 0 0 0 189 0 0
147.0 315.0 0 0 0 0 0 0 0 0 0 1 195 0 0
147.0 189.0 0 0 0 0 0 0 0 0 0 1 186 0 0
147.0 210.0 0 0 0 0 0 0 0 0 0 1 226 0 0
42.0 231.0 1 0 0 0 0 0 0 0 0 1 220 0 0
189.0 231.0 1 0 0 0 0 0 0 0 0 0 189 0 0
147.0 315.0 0 0 0 0 0 0 0 0 0 1 94 0 0
147.0 315.0 0 0 0 0 0 0 0 0 0 1 189 0 0
147.0 168.0 0 0 0 0 0 0 0 0 0 1 176 0 0
147.0 315.0 0 0 0 0 0 0 0 0 0 1 189 0 0
147.0 168.0 0 0 0 0 0 0 0 0 0 1 142 0 0
147.0 168.0 0 0 0 0 0 0 0 0 0 1 248 0 0
147.0 21.0 0 0 0 0 0 0 0 0 0 1 189 0 0
147.0 165.2 0 0 0 0 0 0 0 0 1 0 305 0 0
147.0 168.0 0 0 0 0 0 0 0 0 0 1 280 0 0
147.0 165.2 0 0 0 0 0 0 0 0 1 0 305 0 0
147.0 168.0 0 0 0 0 0 0 0 0 0 1 211 0 0
147.0 165.2 0 0 0 0 0 0 0 0 1 0 267 0 0
147.0 168.0 0 0 0 0 0 0 0 0 0 1 252 0 0
147.0 165.2 0 0 0 0 0 0 0 0 1 0 267 0 0
147.0 168.0 0 0 0 0 0 0 0 0 0 1 267 0 0
147.0 165.2 0 0 0 0 0 0 0 0 1 0 236 0 0
147.0 168.0 0 0 0 0 0 0 0 0 0 1 189 0 0
147.0 165.2 0 0 0 0 0 0 0 0 1 0 173 0 0
147.0 168.0 0 0 0 0 0 0 0 0 0 1 173 0 0
147.0 231.0 0 0 0 0 0 0 0 0 0 1 204 0 0
147.0 189.0 0 0 0 0 0 0 0 0 0 1 223 0 0
147.0 210.0 0 0 0 0 0 0 0 0 0 1 264 0 0
105.0 252.0 1 0 0 0 0 0 0 0 0 1 160 0 0
189.0 252.0 1 0 0 0 0 0 0 0 0 0 170 0 0
252.0 210.0 1 0 0 0 0 0 0 0 0 0 142 0 0
294.0 168.0 1 0 0 0 0 0 0 0 0 0 145 0 0
336.0 126.0 1 0 0 0 0 0 0 0 0 0 173 0 0
399.0 63.0 1 0 0 0 0 0 0 0 0 0 40 0 0
220.5 147.0 0 0 0 0 0 0 0 0 0 0 150 0 0
42.0 231.0 1 0 0 0 0 0 0 0 0 1 116 0 0
189.0 231.0 1 0 0 0 0 0 0 0 0 0 142 0 0
207.7 231.0 0 1 0 0 0 0 0 0 0 0 164 0 0
147.0 315.0 0 0 0 0 0 0 0 0 0 1 142 0 0
147.0 251.5 0 0 0 0 0 0 0 0 1 0 173 0 0
147.0 231.0 0 0 0 0 0 0 0 0 0 1 173 0 0
105.0 210.0 1 0 0 0 0 0 0 0 0 1 204 0 0
189.0 210.0 1 0 0 0 0 0 0 0 0 0 173 0 0
252.0 210.0 1 0 0 0 0 0 0 0 0 0 189 0 0
147.0 315.0 0 0 0 0 0 0 0 0 0 1 160 0 0
147.0 168.0 0 0 0 0 0 0 0 0 0 1 208 0 0
147.0 165.2 0 0 0 0 0 0 0 0 1 0 186 0 0
147.0 168.0 0 0 0 0 0 0 0 0 0 1 195 0 0
147.0 165.2 0 0 0 0 0 0 0 0 1 0 167 0 0
147.0 168.0 0 0 0 0 0 0 0 0 0 1 157 0 0
147.0 231.0 0 0 0 0 0 0 0 0 0 1 179 0 0
147.0 189.0 0 0 0 0 0 0 0 0 0 1 167 0 0
147.0 210.0 0 0 0 0 0 0 0 0 0 1 189 0 0
147.0 252.0 0 0 0 0 0 0 0 0 0 1 40 0 0
105.0 252.0 1 0 0 0 0 0 0 0 0 0 173 0 0
189.0 252.0 1 0 0 0 0 0 0 0 0 0 142 0 0
252.0 210.0 1 0 0 0 0 0 0 0 0 0 164 0 0
294.0 168.0 1 0 0 0 0 0 0 0 0 0 132 0 0
336.0 126.0 1 0 0 0 0 0 0 0 0 0 170 0 0
399.0 63.0 1 0 0 0 0 0 0 0 0 0 40 0 0
220.5 147.0 0 0 0 0 0 0 0 0 0 0 150 0 0
42.0 231.0 1 0 0 0 0 0 0 0 0 1 170 0 0
189.0 231.0 1 0 0 0 0 0 0 0 0 0 167 0 0
207.7 231.0 0 1 0 0 0 0 0 0 0 0 142 0 0
147.0 315.0 0 0 0 0 0 0 0 0 0 1 173 0 0
147.0 210.0 0 0 0 0 0 0 0 0 0 1 192 0 0
147.0 231.0 0 0 0 0 0 0 0 0 0 1 220 0 0
105.0 252.0 1 0 0 0 0 0 0 0 0 1 204 0 0
105.0 252.0 1 0 0 0 0 0 0 0 0 0 63 0 0
105.0 252.0 1 0 0 0 0 0 0 0 0 0 60 0 0
105.0 252.0 1 0 0 0 0 0 0 0 0 0 63 0 0
105.0 252.0 1 0 0 0 0 0 0 0 0 0 94 0 0
105.0 252.0 1 0 0 0 0 0 0 0 0 0 60 0 0
105.0 190.8 1 0 0 0 0 0 0 0 1 0 79 0 0
105.0 190.8 1 0 0 0 0 0 0 0 0 0 63 0 0
105.0 190.8 1 0 0 0 0 0 0 0 0 0 63 0 0
105.0 190.8 1 0 0 0 0 0 0 0 0 0 63 0 0
105.0 190.8 1 0 0 0 0 0 0 0 0 0 63 0 0
105.0 190.8 1 0 0 0 0 0 0 0 0 0 63 0 0
273.0 189.0 1 0 0 0 0 0 0 0 0 1 40 0 0
105.0 252.0 1 0 0 0 0 0 0 0 0 1 173 0 0
105.0 252.0 1 0 0 0 0 0 0 0 0 0 60 0 0
105.0 252.0 1 0 0 0 0 0 0 0 0 0 60 0 0
105.0 252.0 1 0 0 0 0 0 0 0 0 0 60 0 0
105.0 168.0 1 0 0 0 0 0 0 0 0 1 60 0 0
105.0 147.0 1 0 0 0 0 0 0 0 0 1 60 0 0
105.0 147.0 1 0 0 0 0 0 0 0 0 1 63 0 0
105.0 147.0 1 0 0 0 0 0 0 0 0 0 63 0 0
105.0 147.0 1 0 0 0 0 0 0 0 0 0 60 0 0
105.0 147.0 1 0 0 0 0 0 0 0 0 0 60 0 0
105.0 147.0 1 0 0 0 0 0 0 0 0 1 79 0 0
105.0 147.0 1 0 0 0 0 0 0 0 0 0 60 0 0
105.0 168.0 1 0 0 0 0 0 0 0 0 1 157 0 0
105.0 168.0 1 0 0 0 0 0 0 0 0 0 60 0 0
105.0 168.0 1 0 0 0 0 0 0 0 0 0 60 0 0
105.0 168.0 1 0 0 0 0 0 0 0 0 0 60 0 0
105.0 168.0 1 0 0 0 0 0 0 0 0 0 60 0 0
105.0 168.0 1 0 0 0 0 0 0 0 0 0 60 0 0
21.0 189.0 1 0 0 0 0 0 0 0 0 1 176 0 0
21.0 189.0 1 0 0 0 0 0 0 0 0 0 63 0 0
21.0 189.0 1 0 0 0 0 0 0 0 0 0 72 0 0
21.0 189.0 1 0 0 0 0 0 0 0 0 0 60 0 0
21.0 189.0 1 0 0 0 0 0 0 0 0 0 40 0 0
105.0 210.0 1 0 0 0 0 0 0 0 0 1 63 0 0
21.0 231.0 1 0 0 0 0 0 0 0 0 1 60 0 0
0.0 252.0 0 1 0 0 0 0 0 0 0 1 63 0 0
0.0 252.0 0 1 0 0 0 0 0 0 0 0 60 0 0
0.0 252.0 0 1 0 0 0 0 0 0 0 0 60 0 0
0.0 252.0 0 1 0 0 0 0 0 0 0 0 60 0 0
0.0 252.0 0 1 0 0 0 0 0 0 0 1 66 0 0
0.0 252.0 0 1 0 0 0 0 0 0 0 0 79 0 0
42.0 252.0 1 0 0 0 0 0 0 0 0 1 63 0 0
42.0 252.0 1 0 0 0 0 0 0 0 0 0 69 0 0
42.0 210.0 1 0 0 0 0 0 0 0 0 1 60 0 0
42.0 210.0 1 0 0 0 0 0 0 0 0 0 60 0 0
42.0 231.0 1 0 0 0 0 0 0 0 0 1 60 0 0
42.0 231.0 1 0 0 0 0 0 0 0 0 0 60 0 0
105.0 252.0 1 0 0 0 0 0 0 0 0 1 79 0 0
105.0 252.0 1 0 0 0 0 0 0 0 0 0 66 0 0
105.0 252.0 1 0 0 0 0 0 0 0 0 0 63 0 0
105.0 252.0 1 0 0 0 0 0 0 0 0 0 60 0 0
105.0 252.0 1 0 0 0 0 0 0 0 0 0 60 0 0
105.0 252.0 1 0 0 0 0 0 0 0 0 0 60 0 0
271.2 190.8 1 0 0 0 0 0 0 0 1 0 40 0 0
105.0 190.8 1 0 0 0 0 0 0 0 0 0 79 0 0
105.0 190.8 1 0 0 0 0 0 0 0 0 0 88 0 0
105.0 190.8 1 0 0 0 0 0 0 0 0 0 79 0 0
105.0 190.8 1 0 0 0 0 0 0 0 0 0 88 0 0
105.0 190.8 1 0 0 0 0 0 0 0 0 0 94 0 0
105.0 190.8 1 0 0 0 0 0 0 0 0 0 79 0 0
105.0 189.0 0 0 0 0 0 0 0 0 0 1 40 0 0
105.0 252.0 1 0 0 0 0 0 0 0 0 1 60 0 0
105.0 252.0 1 0 0 0 0 0 0 0 0 0 60 0 0
105.0 252.0 1 0 0 0 0 0 0 0 0 0 85 0 0
105.0 252.0 1 0 0 0 0 0 0 0 0 0 69 0 0
105.0 168.0 1 0 0 0 0 0 0 0 0 1 63 0 0
105.0 147.0 1 0 0 0 0 0 0 0 0 1 60 0 0
105.0 147.0 1 0 0 0 0 0 0 0 0 1 79 0 0
105.0 147.0 1 0 0 0 0 0 0 0 0 0 60 0 0
105.0 147.0 1 0 0 0 0 0 0 0 0 0 60 0 0
105.0 147.0 1 0 0 0 0 0 0 0 0 0 60 0 0
105.0 147.0 1 0 0 0 0 0 0 0 0 1 60 0 0
105.0 147.0 1 0 0 0 0 0 0 0 0 0 63 0 0
84.4 147.0 0 1 0 0 0 0 0 0 0 1 113 0 0
84.4 147.0 0 1 0 0 0 0 0 0 0 0 60 0 0
84.4 147.0 0 1 0 0 0 0 0 0 0 0 60 0 0
84.4 147.0 0 1 0 0 0 0 0 0 0 0 60 0 0
84.4 147.0 0 1 0 0 0 0 0 0 0 0 60 0 0
84.4 147.0 0 1 0 0 0 0 0 0 0 0 60 0 0
84.4 165.2 0 1 0 0 0 0 0 0 1 0 63 0 0
84.4 165.2 0 1 0 0 0 0 0 0 0 0 63 0 0
84.4 165.2 0 1 0 0 0 0 0 0 0 0 63 0 0
84.4 165.2 0 1 0 0 0 0 0 0 0 0 60 0 0
84.4 189.0 0 1 0 0 0 0 0 0 0 1 60 0 0
84.4 210.0 0 1 0 0 0 0 0 0 0 1 60 0 0
84.4 227.8 0 1 0 0 0 0 0 0 1 0 63 0 0
84.4 227.8 0 1 0 0 0 0 0 0 0 0 60 0 0
84.4 227.8 0 1 0 0 0 0 0 0 0 0 63 0 0
84.4 227.8 0 1 0 0 0 0 0 0 0 0 63 0 0
84.4 252.0 0 1 0 0 0 0 0 0 0 1 157 0 0
84.4 252.0 0 1 0 0 0 0 0 0 0 0 63 0 0
126.0 251.5 1 0 0 0 0 0 0 0 1 0 79 0 0
126.0 251.5 1 0 0 0 0 0 0 0 0 0 72 0 0
126.0 251.5 1 0 0 0 0 0 0 0 0 0 63 0 0
126.0 251.5 1 0 0 0 0 0 0 0 0 0 60 0 0
126.0 251.5 1 0 0 0 0 0 0 0 1 0 63 0 0
126.0 251.5 1 0 0 0 0 0 0 0 0 0 60 0 0
147.0 252.0 1 0 0 0 0 0 0 0 0 1 469 0 0
189.0 231.0 1 0 0 0 0 0 0 0 0 1 469 0 0
63.0 399.0 1 0 0 0 0 0 0 0 0 1 129 0 0
63.0 357.0 0 0 0 0 0 0 0 0 0 1 107 0 0
63.0 315.0 0 0 0 0 0 0 0 0 0 1 116 0 0
63.0 252.0 0 0 0 0 0 0 0 0 0 1 116 0 0
63.0 210.0 0 0 0 0 0 0 0 0 0 1 113 0 0
63.0 168.0 0 0 0 0 0 0 0 0 0 1 110 0 0
252.0 189.0 1 0 0 0 0 0 0 0 0 1 116 0 0
252.0 210.0 0 0 0 0 0 0 0 0 0 1 110 0 0
231.0 231.0 0 0 0 0 0 0 0 0 0 1 88 0 0
210.0 252.0 1 0 0 0 0 0 0 0 0 1 126 0 0
210.0 210.0 0 0 0 0 0 0 0 0 0 1 110 0 0
210.0 168.0 0 0 0 0 0 0 0 0 0 1 94 0 0
210.0 105.0 0 0 0 0 0 0 0 0 0 1 94 0 0
210.0 63.0 0 0 0 0 0 0 0 0 0 1 113 0 0
210.0 21.0 0 0 0 0 0 0 0 0 0 1 107 0 0
252.0 42.0 1 0 0 0 0 0 0 0 0 1 110 0 0
252.0 63.0 0 0 0 0 0 0 0 0 0 1 104 0 0
252.0 84.0 0 0 0 0 0 0 0 0 0 1 94 0 0
252.0 105.0 1 0 0 0 0 0 0 0 0 1 113 0 0
252.0 63.0 0 0 0 0 0 0 0 0 0 1 119 0 0
252.0 21.0 0 0 0 0 0 0 0 0 0 1 63 0 0
252.0 105.0 0 0 0 0 0 0 0 0 0 1 126 0 0
252.0 63.0 0 0 0 0 0 0 0 0 0 1 116 0 0
252.0 21.0 0 0 0 0 0 0 0 0 0 1 135 0 0
252.0 42.0 1 0 0 0 0 0 0 0 0 1 142 0 0
252.0 63.0 0 0 0 0 0 0 0 0 0 1 110 0 0
252.0 84.0 0 0 0 0 0 0 0 0 0 1 154 0 0
252.0 80.8 1 0 0 0 0 0 0 0 1 0 160 0 0
252.0 105.0 0 0 0 0 0 0 0 0 0 1 142 0 0
252.0 104.5 0 0 0 0 0 0 0 0 1 0 126 0 0
252.0 126.0 0 0 0 0 0 0 0 0 0 1 126 0 0
252.0 128.2 0 0 0 0 0 0 0 0 1 0 126 0 0
252.0 0.0 0 0 0 0 0 0 0 0 0 1 126 0 0
252.0 21.0 0 0 0 0 0 0 0 0 0 1 110 0 0
252.0 18.2 0 0 0 0 0 0 0 0 1 0 126 0 0
252.0 42.0 0 0 0 0 0 0 0 0 0 1 126 0 0
252.0 43.8 0 0 0 0 0 0 0 0 1 0 142 0 0
252.0 63.0 0 0 0 0 0 0 0 0 0 1 126 0 0
252.0 84.0 0 0 0 0 0 0 0 0 0 1 126 0 0
252.0 80.8 0 0 0 0 0 0 0 0 1 0 126 0 0
252.0 105.0 0 0 0 0 0 0 0 0 0 1 148 0 0
252.0 104.5 0 0 0 0 0 0 0 0 1 0 151 0 0
252.0 126.0 0 0 0 0 0 0 0 0 0 1 208 0 0
252.0 128.2 0 0 0 0 0 0 0 0 1 0 248 0 0
252.0 147.0 0 0 0 0 0 0 0 0 0 1 346 0 0
252.0 168.0 0 0 0 0 0 0 0 0 0 1 299 0 0
252.0 165.2 0 0 0 0 0 0 0 0 1 0 220 0 0
252.0 168.0 0 0 0 0 0 0 0 0 0 1 179 0 0
231.0 231.0 0 0 0 0 0 0 0 0 0 1 182 0 0
231.0 189.0 0 0 0 0 0 0 0 0 0 1 195 0 0
231.0 210.0 0 0 0 0 0 0 0 0 0 1 277 0 0
105.0 252.0 1 0 0 0 0 0 0 0 0 1 204 0 0
189.0 252.0 1 0 0 0 0 0 0 0 0 0 189 0 0
252.0 210.0 1 0 0 0 0 0 0 0 0 0 135 0 0
294.0 168.0 1 0 0 0 0 0 0 0 0 0 157 0 0
336.0 126.0 1 0 0 0 0 0 0 0 0 0 129 0 0
399.0 63.0 1 0 0 0 0 0 0 0 0 0 40 0 0
220.5 147.0 0 0 0 0 0 0 0 0 0 0 150 0 0
42.0 231.0 1 0 0 0 0 0 0 0 0 1 119 0 0
189.0 231.0 1 0 0 0 0 0 0 0 0 0 148 0 0
207.7 231.0 0 1 0 0 0 0 0 0 0 0 66 0 0
147.0 315.0 0 0 0 0 0 0 0 0 0 1 138 0 0
147.0 251.5 0 0 0 0 0 0 0 0 1 0 142 0 0
147.0 231.0 0 0 0 0 0 0 0 0 0 1 160 0 0
147.0 210.0 0 0 0 0 0 0 0 0 0 1 40 0 0
105.0 210.0 1 0 0 0 0 0 0 0 0 0 179 0 0
189.0 210.0 1 0 0 0 0 0 0 0 0 0 157 0 0
252.0 210.0 1 0 0 0 0 0 0 0 0 0 157 0 0
147.0 315.0 0 0 0 0 0 0 0 0 0 1 173 0 0
147.0 168.0 0 0 0 0 0 0 0 0 0 1 176 0 0
147.0 165.2 0 0 0 0 0 0 0 0 1 0 186 0 0
147.0 168.0 0 0 0 0 0 0 0 0 0 1 173 0 0
147.0 165.2 0 0 0 0 0 0 0 0 1 0 142 0 0
147.0 168.0 0 0 0 0 0 0 0 0 0 1 157 0 0
147.0 231.0 0 0 0 0 0 0 0 0 0 1 142 0 0
147.0 189.0 0 0 0 0 0 0 0 0 0 1 167 0 0
147.0 210.0 0 0 0 0 0 0 0 0 0 1 170 0 0
105.0 252.0 1 0 0 0 0 0 0 0 0 1 173 0 0
189.0 252.0 1 0 0 0 0 0 0 0 0 0 142 0 0
252.0 210.0 1 0 0 0 0 0 0 0 0 0 148 0 0
294.0 168.0 1 0 0 0 0 0 0 0 0 0 126 0 0
336.0 126.0 1 0 0 0 0 0 0 0 0 0 142 0 0
399.0 63.0 1 0 0 0 0 0 0 0 0 0 40 0 0
220.5 147.0 0 0 0 0 0 0 0 0 0 0 142 0 0
42.0 231.0 1 0 0 0 0 0 0 0 0 1 189 0 0
189.0 231.0 1 0 0 0 0 0 0 0 0 0 151 0 0
207.7 231.0 0 1 0 0 0 0 0 0 0 0 116 0 0
147.0 315.0 0 0 0 0 0 0 0 0 0 1 151 0 0
147.0 210.0 0 0 0 0 0 0 0 0 0 1 142 0 0
147.0 231.0 0 0 0 0 0 0 0 0 0 1 142 0 0
105.0 252.0 1 0 0 0 0 0 0 0 0 1 201 0 0
189.0 252.0 1 0 0 0 0 0 0 0 0 0 201 0 0
252.0 210.0 1 0 0 0 0 0 0 0 0 0 173 0 0
231.0 231.0 0 0 0 0 0 0 0 0 0 1 173 0 0
231.0 210.0 0 0 0 0 0 0 0 0 0 1 182 0 0
231.0 189.0 0 0 0 0 0 0 0 0 0 1 179 0 0
147.0 168.0 1 0 0 0 0 0 0 0 0 1 189 0 0
231.0 168.0 1 0 0 0 0 0 0 0 0 0 160 0 0
294.0 168.0 1 0 0 0 0 0 0 0 0 0 126 0 0
189.0 273.0 0 0 0 0 0 0 0 0 0 1 170 0 0
189.0 147.0 0 0 0 0 0 0 0 0 0 1 160 0 0
189.0 168.0 0 0 0 0 0 0 0 0 0 1 154 0 0
84.0 189.0 1 0 0 0 0 0 0 0 0 1 151 0 0
231.0 189.0 1 0 0 0 0 0 0 0 0 0 157 0 0
273.0 189.0 1 0 0 0 0 0 0 0 0 0 135 0 0
168.0 294.0 0 0 0 0 0 0 0 0 0 1 160 0 0
168.0 168.0 0 0 0 0 0 0 0 0 0 1 167 0 0
168.0 189.0 0 0 0 0 0 0 0 0 0 1 173 0 0
105.0 210.0 1 0 0 0 0 0 0 0 0 1 179 0 0
189.0 210.0 1 0 0 0 0 0 0 0 0 0 160 0 0
252.0 210.0 1 0 0 0 0 0 0 0 0 0 186 0 0
147.0 315.0 0 0 0 0 0 0 0 0 0 1 189 0 0
147.0 189.0 0 0 0 0 0 0 0 0 0 1 173 0 0
147.0 210.0 0 0 0 0 0 0 0 0 0 1 220 0 0
42.0 231.0 1 0 0 0 0 0 0 0 0 1 258 0 0
189.0 231.0 1 0 0 0 0 0 0 0 0 0 182 0 0
147.0 315.0 0 0 0 0 0 0 0 0 0 1 110 0 0
147.0 315.0 0 0 0 0 0 0 0 0 0 1 129 0 0
147.0 168.0 0 0 0 0 0 0 0 0 0 1 119 0 0
147.0 315.0 0 0 0 0 0 0 0 0 0 1 142 0 0
147.0 168.0 0 0 0 0 0 0 0 0 0 1 94 0 0
147.0 168.0 0 0 0 0 0 0 0 0 0 1 208 0 0
147.0 21.0 0 0 0 0 0 0 0 0 0 1 220 0 0
147.0 165.2 0 0 0 0 0 0 0 0 1 0 362 0 0
147.0 168.0 0 0 0 0 0 0 0 0 0 1 204 0 0
147.0 165.2 0 0 0 0 0 0 0 0 1 0 223 0 0
147.0 168.0 0 0 0 0 0 0 0 0 0 1 226 0 0
147.0 165.2 0 0 0 0 0 0 0 0 1 0 393 0 0
147.0 168.0 0 0 0 0 0 0 0 0 0 1 277 0 0
147.0 165.2 0 0 0 0 0 0 0 0 1 0 308 0 0
147.0 168.0 0 0 0 0 0 0 0 0 0 1 264 0 0
147.0 165.2 0 0 0 0 0 0 0 0 1 0 236 0 0
147.0 168.0 0 0 0 0 0 0 0 0 0 1 226 0 0
147.0 165.2 0 0 0 0 0 0 0 0 1 0 173 0 0
147.0 168.0 0 0 0 0 0 0 0 0 0 1 198 0 0
147.0 231.0 0 0 0 0 0 0 0 0 0 1 176 0 0
147.0 189.0 0 0 0 0 0 0 0 0 0 1 208 0 0
147.0 210.0 0 0 0 0 0 0 0 0 0 1 236 0 0
105.0 252.0 1 0 0 0 0 0 0 0 0 1 201 0 0
189.0 252.0 1 0 0 0 0 0 0 0 0 0 157 0 0
252.0 210.0 1 0 0 0 0 0 0 0 0 0 157 0 0
294.0 168.0 1 0 0 0 0 0 0 0 0 0 142 0 0
336.0 126.0 1 0 0 0 0 0 0 0 0 0 142 0 0
399.0 63.0 1 0 0 0 0 0 0 0 0 0 40 0 0
220.5 147.0 0 0 0 0 0 0 0 0 0 0 150 0 0
42.0 231.0 1 0 0 0 0 0 0 0 0 1 126 0 0
189.0 231.0 1 0 0 0 0 0 0 0 0 0 173 0 0
207.7 231.0 0 1 0 0 0 0 0 0 0 0 157 0 0
147.0 315.0 0 0 0 0 0 0 0 0 0 1 154 0 0
147.0 251.5 0 0 0 0 0 0 0 0 1 0 173 0 0
147.0 231.0 0 0 0 0 0 0 0 0 0 1 214 0 0
105.0 210.0 1 0 0 0 0 0 0 0 0 1 226 0 0
189.0 210.0 1 0 0 0 0 0 0 0 0 0 204 0 0
252.0 210.0 1 0 0 0 0 0 0 0 0 0 189 0 0
147.0 315.0 0 0 0 0 0 0 0 0 0 1 189 0 0
147.0 168.0 0 0 0 0 0 0 0 0 0 1 176 0 0
147.0 165.2 0 0 0 0 0 0 0 0 1 0 170 0 0
147.0 168.0 0 0 0 0 0 0 0 0 0 1 189 0 0
147.0 165.2 0 0 0 0 0 0 0 0 1 0 160 0 0
147.0 168.0 0 0 0 0 0 0 0 0 0 1 173 0 0
147.0 231.0 0 0 0 0 0 0 0 0 0 1 170 0 0
147.0 189.0 0 0 0 0 0 0 0 0 0 1 186 0 0
147.0 210.0 0 0 0 0 0 0 0 0 0 1 204 0 0
105.0 252.0 1 0 0 0 0 0 0 0 0 1 204 0 0
189.0 252.0 1 0 0 0 0 0 0 0 0 0 157 0 0
252.0 210.0 1 0 0 0 0 0 0 0 0 0 160 0 0
294.0 168.0 1 0 0 0 0 0 0 0 0 0 170 0 0
336.0 126.0 1 0 0 0 0 0 0 0 0 0 189 0 0
399.0 63.0 1 0 0 0 0 0 0 0 0 0 40 0 0
220.5 147.0 0 0 0 0 0 0 0 0 0 0 150 0 0
42.0 231.0 1 0 0 0 0 0 0 0 0 1 142 0 0
189.0 231.0 1 0 0 0 0 0 0 0 0 0 145 0 0
207.7 231.0 0 1 0 0 0 0 0 0 0 0 113 0 0
126.0 336.0 0 0 0 0 0 0 0 0 0 1 267 0 0
126.0 210.0 0 0 0 0 0 0 0 0 0 1 299 0 0
126.0 231.0 0 0 0 0 0 0 0 0 0 1 403 0 0
105.0 252.0 1 0 0 0 0 0 0 0 0 1 1223 0 0
