0.0 273.0 0 0 0 0 0 0 0 1 0 0 857 0 0
0.0 252.0 0 0 0 0 0 0 1 0 0 1 428 1 0
0.0 231.0 0 0 0 0 0 0 1 0 0 1 428 0 0
252.0 168.0 1 0 1 0 1 0 0 1 0 0 857 0 0
252.0 168.0 1 0 1 0 1 0 0 1 0 0 857 0 0
168.0 189.0 1 0 0 0 0 0 0 0 0 1 428 1 0
168.0 168.0 1 0 0 0 0 0 0 0 0 1 428 0 0
252.0 147.0 1 0 0 1 0 0 1 0 0 1 857 0 1
252.0 147.0 1 0 0 1 0 0 1 0 0 1 857 0 0
84.0 189.0 1 0 0 0 0 0 0 1 0 0 428 1 0
84.0 168.0 1 0 0 0 0 0 0 1 0 0 428 0 0
231.0 147.0 1 0 1 0 1 0 0 1 0 0 428 1 0
231.0 105.0 1 0 1 0 1 0 0 0 0 1 428 0 0
231.0 126.0 1 0 1 0 1 0 0 0 0 1 428 1 0
231.0 147.0 1 0 1 0 1 0 0 0 0 1 428 0 0
147.0 168.0 1 0 0 0 0 0 0 0 0 1 428 1 0
147.0 168.0 1 0 1 0 1 0 0 0 1 0 428 0 0
84.0 168.0 1 0 0 1 0 0 1 0 0 1 857 0 1
84.0 168.0 1 0 0 1 0 0 1 0 0 1 857 0 0
105.0 210.0 1 0 0 0 0 0 0 1 0 0 428 1 0
105.0 189.0 1 0 0 0 0 0 0 1 0 0 428 0 0
252.0 168.0 1 0 1 0 1 0 0 1 0 0 857 0 0
252.0 168.0 1 0 1 0 1 0 0 1 0 0 857 0 0
168.0 147.0 1 0 0 0 0 0 0 1 0 0 428 1 0
168.0 126.0 1 0 0 0 0 0 0 1 0 0 428 0 0
252.0 105.0 1 0 0 1 0 0 1 1 0 0 857 0 1
252.0 105.0 1 0 0 1 0 0 1 1 0 0 857 0 0
84.0 189.0 1 0 0 0 0 0 0 1 0 0 428 1 0
84.0 168.0 1 0 0 0 0 0 0 1 0 0 428 0 0
231.0 147.0 1 0 1 0 1 0 0 1 0 0 428 1 0
231.0 105.0 1 0 1 0 1 0 0 0 0 1 428 0 0
231.0 126.0 1 0 1 0 1 0 0 0 0 1 428 1 0
231.0 189.0 1 0 1 0 1 0 0 1 0 0 428 0 0
147.0 168.0 1 0 0 0 0 0 0 1 0 0 857 0 0
231.0 168.0 1 0 0 1 0 0 1 0 0 0 857 0 0
105.0 273.0 0 0 0 0 0 0 0 1 0 0 857 0 0
105.0 252.0 1 0 0 0 0 0 0 0 0 1 428 1 0
105.0 231.0 1 0 0 0 0 0 0 0 0 1 428 0 0
252.0 210.0 1 0 1 0 1 0 0 0 0 1 857 0 0
252.0 210.0 1 0 1 0 1 0 0 0 0 1 857 0 0
168.0 189.0 1 0 0 0 0 0 0 0 0 1 428 1 0
168.0 168.0 1 0 0 0 0 0 0 0 0 1 428 0 0
252.0 147.0 1 0 0 1 0 0 1 0 0 1 857 0 1
252.0 147.0 1 0 0 1 0 0 1 0 0 1 857 0 0
84.0 189.0 1 0 0 0 0 0 0 1 0 0 428 1 0
84.0 168.0 1 0 0 0 0 0 0 1 0 0 428 0 0
231.0 147.0 1 0 1 0 1 0 0 1 0 0 428 1 0
231.0 105.0 1 0 1 0 1 0 0 0 0 1 428 0 0
231.0 126.0 1 0 1 0 1 0 0 0 0 1 428 1 0
231.0 147.0 1 0 1 0 1 0 0 0 0 1 428 0 0
147.0 168.0 1 0 0 0 0 0 0 0 0 1 428 1 0
147.0 168.0 1 0 0 0 0 0 0 0 1 0 428 0 0
231.0 168.0 1 0 0 1 0 0 1 0 0 1 857 0 1
231.0 168.0 1 0 0 1 0 0 1 0 0 1 857 0 0
105.0 168.0 1 0 0 0 0 0 0 1 0 0 428 1 0
105.0 147.0 1 0 0 0 0 0 0 1 0 0 428 0 0
252.0 126.0 1 0 1 0 1 0 0 1 0 0 857 0 0
252.0 126.0 1 0 1 0 1 0 0 1 0 0 857 0 0
168.0 105.0 1 0 0 0 0 0 0 1 0 0 428 1 0
168.0 84.0 1 0 0 0 0 0 0 1 0 0 428 0 0
252.0 63.0 1 0 0 1 0 0 1 1 0 0 857 0 1
252.0 63.0 1 0 0 1 0 0 1 1 0 0 857 0 0
84.0 126.0 1 0 0 0 0 0 0 0 0 1 857 0 0
231.0 126.0 1 0 1 0 1 0 0 0 1 0 428 1 0
231.0 126.0 1 0 1 0 1 0 0 0 0 1 428 0 0
231.0 42.0 1 0 1 0 1 0 0 0 0 1 428 1 0
231.0 105.0 1 0 1 0 1 0 0 1 0 0 428 0 0
147.0 126.0 1 0 0 0 0 0 0 1 0 0 857 0 1
231.0 126.0 1 0 0 1 0 0 1 1 0 0 857 0 1
231.0 126.0 1 0 0 1 0 0 1 1 0 0 857 0 0
189.0 126.0 1 0 0 0 0 0 0 1 0 0 428 1 0
189.0 126.0 1 0 0 0 0 0 0 0 1 0 428 0 0
210.0 105.0 1 0 0 1 0 0 1 0 1 0 428 1 0
210.0 105.0 1 0 0 1 0 0 1 0 0 1 428 0 0
231.0 84.0 1 0 0 0 1 0 0 0 0 1 428 1 0
231.0 63.0 1 0 0 0 1 0 0 0 0 1 428 0 0
105.0 84.0 1 0 0 0 0 0 0 0 0 1 428 1 0
105.0 105.0 1 0 0 0 0 0 0 0 0 1 428 0 0
189.0 126.0 1 0 0 1 0 0 1 1 0 0 428 1 0
189.0 84.0 1 0 0 1 0 0 1 0 0 1 428 0 0
189.0 105.0 1 0 0 1 0 0 1 0 0 1 857 0 0
189.0 105.0 1 0 0 0 0 0 0 0 0 1 428 1 0
189.0 105.0 1 0 0 0 0 0 0 0 1 0 428 0 0
189.0 126.0 1 0 0 0 1 0 0 1 0 0 428 1 0
189.0 105.0 1 0 0 0 1 0 0 1 0 0 428 0 0
189.0 126.0 1 0 0 0 1 0 0 1 0 0 857 0 0
105.0 168.0 1 0 0 0 0 0 0 0 0 1 428 1 0
105.0 168.0 1 0 0 0 0 0 0 1 0 0 428 0 0
189.0 210.0 1 0 0 1 0 0 1 1 0 0 428 1 0
189.0 189.0 1 0 0 1 0 0 1 1 0 0 428 0 0
189.0 210.0 1 0 0 1 0 0 1 1 0 0 857 0 0
189.0 273.0 1 0 0 0 0 0 0 1 0 0 428 1 0
189.0 252.0 1 0 0 0 0 0 0 0 1 0 428 0 0
189.0 231.0 0 0 0 0 0 0 0 0 0 1 428 0 0
189.0 273.0 1 0 0 0 1 0 0 1 0 0 214 1 0
189.0 252.0 1 0 0 0 1 0 0 0 1 0 214 1 0
189.0 231.0 1 0 0 0 1 0 0 0 0 1 214 1 0
189.0 126.0 1 0 0 0 1 0 0 1 0 0 214 1 0
189.0 105.0 1 0 0 0 1 0 0 0 1 0 214 0 0
231.0 84.0 1 0 0 0 1 0 0 0 0 1 214 1 1
231.0 84.0 1 0 0 0 1 0 0 0 0 1 214 1 1
231.0 84.0 1 0 0 0 1 0 0 0 0 1 214 1 0
231.0 63.0 1 0 0 0 1 0 0 0 0 1 214 0 0
105.0 84.0 1 0 0 0 0 0 0 0 0 1 428 1 0
105.0 105.0 1 0 0 0 0 0 0 0 0 1 428 0 0
189.0 126.0 1 0 0 1 0 0 1 1 0 0 428 1 0
189.0 84.0 1 0 0 1 0 0 1 0 0 1 428 0 0
189.0 105.0 1 0 0 1 0 0 1 0 0 1 857 0 0
189.0 105.0 1 0 0 0 0 0 0 0 0 1 428 1 0
189.0 105.0 1 0 0 0 0 0 0 0 1 0 428 0 0
189.0 126.0 1 0 0 0 1 0 0 1 0 0 428 1 0
189.0 21.0 1 0 0 0 1 0 0 0 0 1 428 0 0
189.0 21.0 1 0 0 0 1 0 0 0 0 1 857 0 0
105.0 210.0 1 0 0 0 0 0 0 1 0 0 857 0 1
189.0 210.0 1 0 0 1 0 0 1 1 0 0 857 0 0
189.0 210.0 1 0 0 1 0 0 1 0 0 0 857 0 0
105.0 210.0 1 0 0 0 0 0 0 1 0 0 428 1 0
105.0 189.0 1 0 0 0 0 0 0 1 0 0 428 0 0
252.0 168.0 1 0 1 0 1 0 0 1 0 0 857 0 0
252.0 168.0 1 0 1 0 1 0 0 1 0 0 857 0 0
168.0 147.0 1 0 0 0 0 0 0 1 0 0 428 1 0
168.0 126.0 1 0 0 0 0 0 0 1 0 0 428 0 0
252.0 105.0 1 0 0 1 0 0 1 1 0 0 857 0 1
252.0 105.0 1 0 0 1 0 0 1 1 0 0 857 0 0
84.0 189.0 1 0 0 0 0 0 0 1 0 0 428 1 0
84.0 168.0 1 0 0 0 0 0 0 1 0 0 428 0 0
231.0 147.0 1 0 1 0 0 0 0 1 0 0 428 1 0
231.0 105.0 1 0 1 0 0 0 0 0 0 1 428 0 0
231.0 126.0 1 0 1 0 0 0 0 0 0 1 428 1 0
231.0 147.0 1 0 1 0 0 0 0 0 0 1 428 0 0
147.0 168.0 1 0 0 0 0 0 0 0 0 1 428 1 0
147.0 168.0 1 0 0 0 0 0 0 0 1 0 428 0 0
231.0 168.0 1 0 0 1 0 0 1 0 0 1 857 0 1
231.0 168.0 1 0 0 1 0 0 1 0 0 1 857 0 0
105.0 210.0 1 0 0 0 0 0 0 1 0 0 428 1 0
105.0 189.0 1 0 0 0 0 0 0 1 0 0 428 0 0
252.0 168.0 1 0 1 0 1 0 0 1 0 0 857 0 0
252.0 168.0 1 0 1 0 1 0 0 1 0 0 857 0 0
168.0 147.0 1 0 0 0 0 0 0 1 0 0 428 1 0
168.0 126.0 1 0 0 0 0 0 0 1 0 0 428 0 0
252.0 105.0 1 0 0 1 0 0 1 1 0 0 857 0 1
252.0 105.0 1 0 0 1 0 0 1 1 0 0 857 0 0
273.0 168.0 1 0 0 0 0 0 0 0 1 0 428 1 0
273.0 168.0 1 0 0 0 0 0 0 0 0 1 428 0 0
210.0 126.0 0 0 1 1 0 1 0 0 1 0 857 0 0
210.0 126.0 0 0 1 1 0 1 0 0 1 0 857 0 0
189.0 105.0 1 0 0 0 0 0 0 0 1 0 428 1 0
189.0 105.0 1 0 0 0 0 0 0 0 0 1 428 0 0
189.0 84.0 1 0 0 0 1 0 0 0 0 1 857 0 1
189.0 84.0 0 0 0 0 0 0 0 0 0 1 857 0 0
189.0 42.0 1 0 0 0 0 0 0 1 0 0 428 1 0
189.0 42.0 1 0 0 0 0 0 0 0 1 0 428 0 0
189.0 42.0 1 0 1 0 0 0 0 0 0 1 428 1 0
189.0 21.0 1 0 1 0 0 0 0 0 0 0 428 0 0
189.0 21.0 1 0 1 0 0 0 0 0 0 1 428 1 0
189.0 42.0 1 0 1 0 0 0 0 0 0 1 428 0 0
105.0 42.0 1 0 0 0 0 0 0 0 1 0 428 1 0
105.0 42.0 0 0 0 0 0 0 0 1 0 0 428 0 0
189.0 63.0 1 0 0 1 0 0 1 0 0 1 428 1 0
189.0 105.0 1 0 0 1 0 0 1 0 1 0 428 0 0
189.0 105.0 1 0 0 1 0 0 1 0 0 1 428 1 0
189.0 126.0 1 0 0 1 0 0 1 0 1 0 428 0 0
189.0 168.0 1 0 0 0 0 0 0 0 0 1 428 1 0
189.0 189.0 1 0 0 0 0 0 0 0 1 0 428 0 0
189.0 210.0 1 0 0 0 1 0 0 1 0 0 428 1 0
189.0 126.0 1 0 0 0 1 0 0 0 1 0 428 0 0
189.0 126.0 1 0 0 0 1 0 0 1 0 0 857 0 0
105.0 168.0 1 0 0 0 0 0 0 0 0 1 428 1 0
105.0 189.0 1 0 0 0 0 0 0 0 1 0 428 0 0
189.0 210.0 1 0 0 1 0 0 1 1 0 0 428 1 0
189.0 126.0 1 0 0 1 0 0 1 0 1 0 428 0 0
189.0 126.0 1 0 0 1 0 0 1 1 0 0 857 0 0
189.0 42.0 1 0 0 0 0 0 0 1 0 0 428 1 0
189.0 42.0 1 0 0 0 0 0 0 0 1 0 428 0 0
189.0 42.0 1 0 1 0 0 0 0 0 0 1 428 1 0
189.0 21.0 1 0 1 0 0 0 0 0 0 0 428 0 0
189.0 21.0 1 0 1 0 0 0 0 0 0 1 428 1 0
189.0 42.0 1 0 1 0 0 0 0 0 0 1 428 0 0
105.0 42.0 1 0 0 0 0 0 0 0 1 0 428 1 0
105.0 42.0 1 0 0 0 0 0 0 1 0 0 428 0 0
189.0 63.0 1 0 0 1 0 0 1 0 0 1 428 1 0
189.0 105.0 1 0 0 1 0 0 1 0 1 0 428 0 0
189.0 105.0 1 0 0 1 0 0 1 0 0 1 428 1 0
189.0 126.0 1 0 0 1 0 0 1 0 1 0 428 0 0
189.0 168.0 1 0 0 0 0 0 0 0 0 1 428 1 0
189.0 189.0 1 0 0 0 0 0 0 0 0 1 428 0 0
210.0 252.0 0 0 0 1 0 0 1 0 1 0 428 1 0
210.0 147.0 0 0 0 1 0 0 1 0 0 1 428 0 0
210.0 168.0 0 0 0 1 0 0 1 0 0 1 428 1 0
210.0 252.0 0 0 0 1 0 0 1 0 1 0 428 0 0
105.0 252.0 1 0 0 0 0 0 0 0 0 1 857 0 0
189.0 210.0 1 0 0 0 0 0 1 0 0 0 857 0 0
105.0 273.0 0 0 0 0 0 0 0 1 0 0 857 0 0
105.0 252.0 1 0 0 0 0 0 0 0 0 1 428 1 0
105.0 231.0 1 0 0 0 0 0 0 0 0 1 428 0 0
252.0 168.0 1 0 1 0 1 0 0 1 0 0 857 0 0
252.0 168.0 1 0 1 0 1 0 0 1 0 0 857 0 0
168.0 147.0 1 0 0 0 0 0 0 1 0 0 428 1 0
168.0 126.0 1 0 0 0 0 0 0 1 0 0 428 0 0
252.0 105.0 1 0 0 1 0 0 1 1 0 0 857 0 1
252.0 105.0 1 0 0 1 0 0 1 1 0 0 857 0 0
84.0 189.0 1 0 0 0 0 0 0 1 0 0 428 1 0
84.0 168.0 1 0 0 0 0 0 0 1 0 0 428 0 0
231.0 147.0 1 0 1 0 0 0 0 1 0 0 428 1 0
231.0 105.0 1 0 1 0 0 0 0 0 0 1 428 0 0
231.0 126.0 1 0 1 0 0 0 0 0 0 1 428 1 0
231.0 147.0 1 0 1 0 0 0 0 0 0 1 428 0 0
147.0 168.0 1 0 0 0 0 0 0 0 0 1 428 1 0
147.0 168.0 1 0 0 0 0 0 0 0 1 0 428 0 0
231.0 168.0 1 0 0 1 0 1 0 0 0 1 857 0 1
231.0 168.0 1 0 0 1 0 1 0 0 0 1 857 0 0
105.0 210.0 1 0 0 0 0 0 0 1 0 0 428 1 0
105.0 189.0 1 0 0 0 0 0 0 1 0 0 428 0 0
252.0 168.0 1 0 1 0 1 0 0 1 0 0 857 0 0
252.0 168.0 1 0 1 0 1 0 0 1 0 0 857 0 0
168.0 147.0 1 0 0 0 0 0 0 1 0 0 428 1 0
168.0 126.0 1 0 0 0 0 0 0 1 0 0 428 0 0
252.0 105.0 1 0 0 1 0 0 1 1 0 0 857 0 1
252.0 105.0 1 0 0 1 0 0 1 1 0 0 857 0 0
84.0 189.0 1 0 0 0 0 0 0 1 0 0 428 1 0
84.0 168.0 1 0 0 0 0 0 0 1 0 0 428 0 0
189.0 147.0 0 0 1 0 1 0 0 1 0 0 428 1 0
189.0 105.0 0 0 1 0 1 0 0 0 0 1 428 0 0
231.0 126.0 1 0 0 0 1 0 0 0 0 1 428 1 0
231.0 189.0 1 0 0 0 1 0 0 1 0 0 428 0 0
147.0 168.0 1 0 0 0 0 0 0 1 0 0 857 0 0
231.0 168.0 1 0 0 0 0 0 1 0 0 0 857 0 0
105.0 273.0 0 0 0 0 0 0 0 1 0 0 857 0 0
105.0 210.0 1 0 0 0 0 0 0 1 0 0 428 1 0
105.0 189.0 1 0 0 0 0 0 0 1 0 0 428 0 0
252.0 168.0 1 0 1 0 1 0 0 1 0 0 857 0 0
252.0 168.0 1 0 1 0 1 0 0 1 0 0 857 0 0
168.0 147.0 1 0 0 0 0 0 0 1 0 0 428 1 0
168.0 126.0 1 0 0 0 0 0 0 1 0 0 428 0 0
252.0 105.0 1 0 0 1 0 0 1 1 0 0 857 0 1
252.0 105.0 1 0 0 1 0 0 1 1 0 0 857 0 0
189.0 168.0 1 0 0 0 0 0 0 0 0 0 428 1 0
189.0 168.0 1 0 0 0 0 0 0 0 0 1 428 0 0
189.0 168.0 1 0 1 0 0 0 0 0 1 0 428 1 0
189.0 168.0 1 0 1 0 0 0 0 0 0 1 428 0 0
189.0 84.0 1 0 1 0 0 0 0 0 0 1 428 1 0
189.0 147.0 1 0 1 0 0 0 0 1 0 0 428 0 0
105.0 189.0 1 0 0 0 0 0 0 1 0 0 857 0 1
189.0 189.0 1 0 0 1 0 0 1 1 0 0 857 0 0
189.0 189.0 1 0 0 1 0 0 1 0 0 0 857 0 0
147.0 84.0 1 0 0 0 0 0 0 0 0 0 428 1 0
147.0 84.0 1 0 0 0 0 0 0 0 0 1 428 0 0
189.0 105.0 1 0 0 1 0 0 0 0 0 1 428 1 0
189.0 126.0 1 0 0 1 0 0 0 0 0 1 428 0 0
168.0 147.0 0 0 0 0 0 0 0 0 0 1 428 0 0
168.0 168.0 0 0 0 0 0 0 0 0 0 0 428 0 0
168.0 168.0 1 0 0 0 0 0 0 0 0 1 428 1 0
168.0 189.0 1 0 0 0 0 0 0 0 0 1 428 0 0
231.0 189.0 0 0 1 0 0 0 1 0 1 0 428 1 0
231.0 189.0 0 0 1 0 0 0 1 0 0 1 428 0 0
189.0 168.0 0 0 0 0 0 0 0 0 0 1 428 0 0
189.0 147.0 0 0 0 0 0 0 0 0 0 1 428 0 0
189.0 168.0 1 0 0 0 0 0 0 0 0 1 857 0 0
189.0 168.0 1 0 0 0 0 0 1 0 1 0 428 1 0
189.0 168.0 1 0 0 0 0 0 1 0 0 1 428 0 0
189.0 147.0 1 0 0 0 1 0 0 0 0 1 428 1 0
189.0 252.0 1 0 0 0 1 0 0 0 1 0 428 0 0
105.0 252.0 1 0 0 0 0 0 0 0 0 1 857 0 1
189.0 252.0 1 0 0 0 0 0 1 0 0 1 857 0 0
189.0 252.0 0 0 0 0 0 0 0 0 0 0 857 0 0
0.0 0.0 0 0 0 0 0 0 0 0 0 0 500 0 0
10000.0 10000.0 0 0 0 0 0 0 0 0 0 0 2000 0 0
