126.0 126.0 1 0 1 0 0 1 0 0 1 0 1714 1 1
126.0 126.0 1 0 1 0 0 1 0 0 1 0 857 0 0
189.0 189.0 1 0 1 0 1 0 0 1 0 0 428 1 0
189.0 189.0 1 0 1 0 1 0 0 0 1 0 428 1 0
189.0 189.0 1 0 1 0 1 0 0 0 0 1 428 1 0
189.0 126.0 1 0 1 0 1 0 0 1 0 0 428 0 0
126.0 126.0 1 0 1 0 0 1 0 0 1 0 428 1 1
126.0 126.0 1 0 1 0 0 1 0 0 1 0 428 1 1
126.0 126.0 1 0 1 0 0 1 0 0 1 0 428 1 0
126.0 147.0 1 0 1 0 0 1 0 1 0 0 428 0 0
126.0 126.0 1 0 1 0 0 1 0 0 1 0 428 1 1
126.0 126.0 1 0 1 0 0 1 0 0 1 0 428 1 1
126.0 126.0 1 0 1 0 0 1 0 0 1 0 428 1 0
126.0 147.0 1 0 1 0 0 1 0 1 0 0 428 0 0
126.0 126.0 1 0 1 0 0 1 0 0 1 0 428 1 1
126.0 126.0 1 0 1 0 0 1 0 0 1 0 428 1 1
126.0 126.0 1 0 1 0 0 1 0 0 1 0 428 0 0
231.0 189.0 0 0 0 0 0 0 0 1 0 0 428 0 0
231.0 189.0 1 0 1 0 1 0 0 1 0 1 428 0 0
231.0 189.0 0 0 0 0 0 0 0 1 0 0 428 0 0
231.0 231.0 1 1 0 0 0 1 0 1 0 0 428 0 0
126.0 189.0 0 0 0 0 0 0 0 0 0 1 428 0 0
126.0 189.0 1 0 1 0 1 0 0 1 0 0 1714 1 1
126.0 189.0 1 0 1 0 1 0 0 1 0 0 428 1 0
126.0 168.0 1 0 1 0 1 0 0 0 0 1 428 0 0
126.0 189.0 1 0 1 0 1 0 0 0 0 1 428 1 0
126.0 189.0 1 0 1 0 1 0 0 0 1 0 428 0 0
126.0 126.0 1 0 1 0 0 1 0 0 1 0 1714 0 0
189.0 189.0 1 0 1 0 1 0 0 1 0 0 428 1 0
189.0 189.0 1 0 1 0 1 0 0 0 1 0 428 1 0
189.0 189.0 1 0 1 0 1 0 0 0 0 1 428 1 0
189.0 126.0 1 0 1 0 1 0 0 1 0 0 428 0 0
126.0 126.0 1 0 1 0 0 1 0 0 1 0 428 1 1
126.0 126.0 1 0 1 0 0 1 0 0 1 0 428 1 1
126.0 126.0 1 0 1 0 0 1 0 0 1 0 428 1 0
126.0 147.0 1 0 1 0 0 1 0 1 0 0 428 0 0
126.0 126.0 1 0 1 0 0 1 0 0 1 0 428 1 1
126.0 126.0 1 0 1 0 0 1 0 0 1 0 428 1 1
126.0 126.0 1 0 1 0 0 1 0 0 1 0 428 1 0
126.0 147.0 1 0 1 0 0 1 0 1 0 0 428 0 0
126.0 126.0 1 0 1 0 0 1 0 0 1 0 428 1 1
126.0 126.0 1 0 1 0 0 1 0 0 1 0 428 1 1
126.0 126.0 1 0 1 0 0 1 0 0 1 0 428 0 0
231.0 189.0 0 0 0 0 0 0 0 1 0 0 428 0 0
231.0 189.0 1 0 1 0 1 0 0 1 0 1 428 0 0
231.0 189.0 0 0 0 0 0 0 0 1 0 0 428 0 0
231.0 231.0 1 1 0 0 0 1 0 1 0 0 428 0 0
126.0 189.0 0 0 0 0 0 0 0 0 0 1 428 0 0
126.0 189.0 1 0 1 0 0 1 0 1 0 0 1714 1 1
126.0 189.0 1 0 1 0 0 1 0 1 0 0 1714 0 0
252.0 189.0 0 0 0 0 0 0 0 1 0 0 857 0 0
252.0 189.0 1 0 1 0 1 0 0 0 1 0 857 0 0
231.0 189.0 0 0 0 0 0 0 0 0 0 1 857 0 0
231.0 168.0 1 0 0 1 0 0 1 0 0 1 857 1 0
231.0 126.0 1 0 0 1 0 0 1 0 1 0 428 0 0
210.0 126.0 0 0 0 0 0 0 0 0 0 1 428 0 0
210.0 105.0 1 0 1 0 0 1 0 0 0 1 428 1 1
210.0 105.0 1 0 1 0 0 1 0 0 0 1 428 1 1
210.0 105.0 1 0 1 0 0 1 0 0 0 1 428 1 0
210.0 126.0 1 0 1 0 0 1 0 0 0 1 428 1 0
210.0 126.0 1 0 1 0 0 1 0 0 1 0 857 0 0
231.0 126.0 1 0 0 1 0 0 1 0 0 1 428 0 0
210.0 105.0 0 0 0 0 0 0 0 0 0 1 428 0 0
189.0 84.0 1 0 1 0 1 0 0 0 0 1 857 1 0
189.0 84.0 1 0 1 0 1 0 0 0 0 1 428 0 0
168.0 105.0 0 0 0 0 0 0 0 0 0 1 428 0 0
168.0 126.0 1 0 0 1 0 0 1 0 0 1 857 1 0
168.0 105.0 1 0 0 1 0 0 1 0 0 1 428 0 0
147.0 84.0 0 0 0 0 0 0 0 0 0 1 428 0 0
147.0 42.0 1 0 0 1 0 1 0 0 1 0 857 1 1
147.0 42.0 1 0 0 1 0 1 0 0 1 0 428 0 0
210.0 42.0 1 0 0 1 0 1 0 1 0 0 428 1 0
210.0 126.0 1 0 0 1 0 1 0 0 1 0 428 1 0
210.0 189.0 1 0 0 1 0 1 0 0 0 1 428 1 0
210.0 189.0 1 0 0 1 0 1 0 0 1 0 428 0 0
273.0 189.0 0 0 0 0 0 0 0 1 0 0 428 0 0
273.0 189.0 0 1 0 1 0 0 0 0 1 0 857 0 0
252.0 189.0 0 0 0 0 0 0 0 0 0 1 857 0 0
252.0 168.0 1 0 1 0 1 0 0 0 0 1 857 0 0
231.0 126.0 1 0 0 1 0 0 1 0 1 0 428 0 0
210.0 126.0 0 0 0 0 0 0 0 0 0 1 428 0 0
210.0 105.0 1 0 1 0 0 1 0 0 0 1 428 1 1
210.0 105.0 1 0 1 0 0 1 0 0 0 1 428 1 1
210.0 105.0 1 0 1 0 0 1 0 0 0 1 428 1 0
210.0 126.0 1 0 1 0 0 1 0 0 0 1 428 1 0
210.0 126.0 1 0 1 0 0 1 0 0 1 0 857 0 0
231.0 126.0 1 0 0 1 0 0 1 0 0 1 428 0 0
210.0 105.0 0 0 0 0 0 0 0 0 0 1 428 0 0
189.0 84.0 1 0 1 0 1 0 0 0 0 1 857 1 0
189.0 84.0 1 0 1 0 1 0 0 0 0 1 428 0 0
168.0 105.0 0 0 0 0 0 0 0 0 0 1 428 0 0
168.0 126.0 1 0 1 1 0 0 1 0 0 1 857 1 0
168.0 105.0 1 0 1 1 0 0 1 0 0 1 428 0 0
147.0 84.0 0 0 0 0 0 0 0 0 0 1 428 0 0
147.0 63.0 1 0 1 0 1 0 0 0 0 1 857 1 1
147.0 63.0 1 0 1 0 1 0 0 0 0 1 428 0 0
147.0 126.0 0 0 0 0 0 0 0 0 0 1 428 0 0
147.0 126.0 1 0 1 0 1 0 0 1 0 0 857 1 0
147.0 126.0 1 0 1 0 1 0 0 0 0 1 428 0 0
126.0 63.0 0 0 0 0 0 0 0 0 0 1 428 0 0
126.0 42.0 1 1 0 0 1 0 0 0 1 0 857 1 0
126.0 42.0 1 1 0 0 1 0 0 0 1 0 428 0 0
126.0 105.0 1 1 0 0 1 0 0 0 1 0 428 0 0
210.0 42.0 0 1 0 0 0 1 0 0 1 0 857 0 0
336.0 126.0 1 0 0 0 0 0 0 0 0 0 214 0 0
336.0 126.0 0 1 0 0 0 0 0 0 0 0 214 0 0
336.0 126.0 0 0 0 0 1 0 0 0 0 0 214 0 0
336.0 126.0 0 1 0 0 1 0 0 0 1 0 428 0 1
126.0 126.0 1 0 0 0 0 0 0 0 1 0 428 0 1
189.0 126.0 0 1 0 0 0 0 0 0 1 0 428 0 1
273.0 126.0 0 0 1 0 0 0 0 0 1 0 428 1 0
273.0 189.0 0 0 1 0 0 0 0 1 0 0 428 0 1
273.0 189.0 0 0 0 0 0 1 0 1 0 0 428 0 1
273.0 189.0 0 0 1 0 0 0 0 1 0 0 428 0 0
168.0 189.0 1 0 0 0 0 0 0 1 0 0 428 0 0
168.0 189.0 0 0 0 0 1 0 0 1 0 0 428 0 0
168.0 189.0 0 0 0 1 0 0 0 0 1 0 428 0 0
168.0 189.0 0 0 0 0 0 0 1 0 0 1 428 0 0
168.0 189.0 0 0 0 1 0 0 0 0 0 1 428 1 0
168.0 126.0 0 0 0 1 0 0 0 1 0 0 428 0 0
273.0 126.0 1 0 0 0 0 0 0 0 1 0 428 0 1
273.0 126.0 0 0 0 0 0 1 0 0 1 0 428 0 1
273.0 126.0 0 0 1 0 0 0 0 0 1 0 428 0 1
273.0 126.0 0 0 0 0 0 1 0 0 1 0 428 0 1
273.0 126.0 0 0 1 0 0 0 0 0 1 0 428 1 0
273.0 147.0 0 0 1 0 0 0 0 1 0 0 428 1 0
273.0 126.0 0 0 1 0 0 0 0 0 1 0 428 0 1
273.0 126.0 0 0 0 0 0 1 0 0 1 0 428 0 1
273.0 126.0 0 0 1 0 0 0 0 0 1 0 428 1 1
273.0 126.0 0 0 1 0 0 0 0 0 1 0 428 1 1
273.0 126.0 0 0 0 0 0 1 0 0 1 0 428 0 0
273.0 147.0 0 0 1 0 0 0 0 1 0 0 428 0 0
273.0 126.0 1 0 0 0 0 0 0 0 1 0 428 0 1
273.0 126.0 0 0 0 0 0 1 0 0 1 0 428 0 1
273.0 126.0 0 0 1 0 0 0 0 0 1 0 428 1 0
273.0 189.0 0 0 1 0 0 0 0 1 0 0 428 0 1
273.0 189.0 0 0 0 0 0 1 0 1 0 0 428 0 0
273.0 189.0 0 0 1 0 0 0 0 1 0 0 428 0 0
273.0 189.0 1 0 0 0 0 0 0 0 0 1 428 0 1
273.0 189.0 0 0 0 0 0 0 1 0 0 1 428 0 0
273.0 189.0 0 0 0 1 0 0 0 1 0 0 428 0 0
231.0 231.0 0 1 0 0 0 0 0 1 0 0 428 1 0
231.0 231.0 0 0 1 0 0 0 1 1 0 0 428 0 0
273.0 189.0 0 0 1 0 0 0 1 0 0 1 428 0 0
273.0 189.0 1 0 1 0 0 1 0 1 0 0 428 0 1
189.0 189.0 0 1 0 0 0 0 0 1 0 0 428 0 1
210.0 189.0 0 0 0 1 0 0 0 1 0 0 428 0 1
210.0 189.0 0 0 0 0 0 0 1 1 0 0 428 0 1
210.0 189.0 0 0 0 1 0 0 0 1 0 0 428 0 1
210.0 189.0 0 0 0 0 0 0 1 1 0 0 428 0 0
231.0 231.0 1 0 1 0 0 0 1 1 0 1 1714 1 1
231.0 231.0 1 0 1 0 0 0 1 1 0 1 1714 1 1
231.0 231.0 1 0 1 0 0 0 1 1 0 1 1714 0 0
126.0 336.0 1 0 0 1 0 1 0 1 0 1 1714 1 1
126.0 336.0 1 0 0 1 0 1 0 1 0 1 1714 1 1
126.0 336.0 1 0 0 1 0 1 0 1 0 1 1714 0 0
0.0 0.0 0 0 0 0 0 0 0 0 0 0 500 0 0
1000.0 1000.0 0 0 0 0 0 0 0 0 0 0 1000 0 0