105.0 252.0 0 0 0 0 0 0 0 0 0 1 600 0 0
105.0 294.0 0 0 0 1 0 0 0 1 0 0 600 1 0
105.0 252.0 0 0 0 1 0 0 0 0 0 1 600 0 0
168.0 252.0 0 0 1 0 1 0 0 0 0 1 600 0 0
105.0 252.0 0 0 0 0 0 0 0 0 0 1 300 0 0
105.0 252.0 0 0 0 0 0 0 0 0 0 1 300 0 0
105.0 273.0 0 0 1 0 0 0 0 0 0 1 600 1 0
105.0 273.0 0 0 1 0 0 0 0 1 0 0 600 0 0
126.0 315.0 0 0 0 1 0 0 1 1 0 0 600 0 0
126.0 315.0 0 0 1 0 0 0 0 1 0 0 600 1 0
126.0 294.0 0 0 1 0 0 0 0 1 0 0 300 1 0
126.0 252.0 0 0 1 0 0 0 0 0 0 1 300 0 0
147.0 252.0 0 0 0 1 0 0 1 0 0 1 600 0 0
147.0 252.0 0 0 0 0 0 0 0 0 0 1 600 0 0
147.0 273.0 1 0 0 0 0 0 0 1 0 1 1200 0 0
147.0 273.0 0 0 1 0 1 0 0 0 0 0 600 0 0
147.0 273.0 0 0 0 0 0 0 0 1 0 0 600 0 0
126.0 294.0 0 0 1 0 0 0 0 1 0 0 600 1 0
126.0 252.0 0 0 1 0 0 0 0 0 0 1 600 0 0
147.0 252.0 0 0 0 1 0 0 1 0 0 1 600 0 0
147.0 252.0 0 0 0 0 0 0 0 0 0 1 600 0 0
147.0 273.0 1 0 0 0 0 0 0 0 0 1 600 1 0
147.0 210.0 1 0 0 0 0 0 0 0 0 1 600 0 0
147.0 210.0 0 0 1 0 1 0 0 0 0 1 600 0 0
147.0 231.0 0 0 0 0 0 0 0 1 0 0 600 0 0
147.0 252.0 0 0 0 0 0 0 0 1 0 0 600 0 0
147.0 252.0 0 0 0 0 0 0 0 1 0 0 600 0 0
147.0 273.0 1 0 1 0 1 0 0 1 0 0 600 1 0
147.0 315.0 1 0 1 0 1 0 0 1 0 0 600 0 0
147.0 294.0 0 0 0 0 0 0 0 1 0 0 600 0 1
147.0 294.0 0 0 0 0 0 0 1 1 0 0 600 0 0
126.0 252.0 0 0 1 0 0 0 0 0 0 0 600 0 0
147.0 252.0 0 0 0 0 0 0 0 0 0 1 600 0 0
105.0 294.0 0 0 0 1 0 0 0 1 0 0 600 1 0
105.0 252.0 0 0 0 1 0 0 0 0 0 1 600 0 0
168.0 252.0 0 0 1 0 1 0 0 0 0 1 600 0 0
105.0 252.0 0 0 0 0 0 0 0 0 0 1 300 0 0
105.0 252.0 0 0 0 0 0 0 0 0 0 1 300 0 0
105.0 273.0 0 0 1 0 0 0 0 0 0 1 600 1 0
105.0 273.0 0 0 1 0 0 0 0 1 0 0 600 0 0
126.0 315.0 0 0 0 1 0 0 1 1 0 0 600 0 0
126.0 315.0 0 0 1 0 0 0 0 1 0 0 600 1 0
126.0 294.0 0 0 1 0 0 0 0 1 0 0 300 1 0
126.0 252.0 0 0 1 0 0 0 0 0 0 1 300 0 0
147.0 252.0 0 0 0 1 0 0 1 0 0 1 600 0 0
147.0 252.0 0 0 0 0 0 0 0 0 0 1 600 0 0
147.0 273.0 1 0 0 0 0 0 0 1 0 1 1200 0 0
147.0 273.0 0 0 1 0 1 0 0 0 0 0 600 0 0
147.0 273.0 0 0 0 0 0 0 0 1 0 0 600 0 0
126.0 294.0 0 0 1 0 0 0 0 1 0 0 600 1 0
126.0 252.0 0 0 1 0 0 0 0 0 0 1 600 0 0
147.0 252.0 0 0 0 1 0 0 1 0 0 1 600 0 0
147.0 252.0 0 0 0 0 0 0 0 0 0 1 600 0 0
147.0 273.0 1 0 0 0 0 0 0 0 0 1 600 1 0
147.0 210.0 1 0 0 0 0 0 0 0 0 1 600 0 0
147.0 210.0 0 0 1 0 1 0 0 0 0 1 600 0 0
147.0 231.0 0 0 0 0 0 0 0 1 0 0 600 0 0
147.0 252.0 0 0 0 0 0 0 0 1 0 0 600 0 0
147.0 252.0 0 0 0 0 0 0 0 1 0 0 600 0 0
147.0 273.0 1 0 1 0 1 0 0 1 0 0 600 1 0
147.0 315.0 1 0 1 0 1 0 0 1 0 0 600 0 0
147.0 294.0 0 0 0 0 0 0 0 1 0 0 600 0 1
147.0 294.0 1 0 1 0 1 0 0 1 0 0 600 0 0
168.0 294.0 1 0 1 0 1 0 0 0 0 0 600 0 0
126.0 294.0 0 0 0 0 0 0 0 1 0 0 600 0 0
126.0 252.0 1 0 1 0 1 0 0 1 0 0 1200 0 0
147.0 273.0 1 0 1 0 1 0 0 1 0 0 600 1 0
147.0 315.0 1 0 1 0 1 0 0 1 0 0 600 0 0
168.0 294.0 1 0 1 0 1 0 0 1 0 0 1200 0 0
168.0 294.0 1 0 0 0 0 0 0 0 0 0 600 0 0
147.0 315.0 0 0 0 0 0 0 0 1 0 0 600 0 0
147.0 294.0 0 0 1 0 0 0 0 1 0 0 600 1 0
147.0 252.0 0 0 1 0 0 0 0 0 0 1 600 0 0
147.0 252.0 0 0 0 1 0 0 1 0 0 1 600 0 0
147.0 252.0 0 0 0 0 0 0 0 0 0 1 300 0 0
147.0 252.0 0 0 0 0 0 0 0 0 0 1 300 0 0
147.0 273.0 1 0 0 0 0 0 0 0 0 1 600 1 0
147.0 273.0 1 0 0 0 0 0 0 1 0 0 600 0 0
147.0 315.0 0 0 1 0 1 0 0 1 0 0 600 0 0
147.0 315.0 0 0 0 0 0 0 0 1 0 0 600 0 0
147.0 294.0 0 0 1 0 0 0 0 1 0 0 600 1 0
147.0 252.0 0 0 1 0 0 0 0 0 0 1 600 0 0
147.0 252.0 0 0 0 1 0 0 1 0 0 1 600 0 0
147.0 252.0 0 0 0 0 0 0 0 0 0 1 600 0 0
147.0 273.0 1 0 0 0 0 0 0 1 0 1 1200 0 0
147.0 315.0 0 0 1 0 1 0 0 0 0 0 600 0 0
147.0 315.0 0 0 0 0 0 0 0 1 0 0 600 0 0
168.0 294.0 1 0 1 0 1 0 0 1 0 0 600 1 0
168.0 252.0 1 0 1 0 1 0 0 0 0 1 600 1 0
168.0 252.0 1 0 1 0 1 0 0 0 0 1 1200 0 0
147.0 252.0 0 0 1 0 0 0 0 0 0 1 600 0 1
147.0 252.0 0 0 0 0 0 0 1 0 0 1 600 0 0
147.0 252.0 0 0 0 0 0 0 1 0 0 0 600 0 0
147.0 252.0 0 0 0 0 0 0 0 1 0 0 600 0 0
147.0 273.0 1 0 1 0 1 0 0 1 0 1 600 1 0
147.0 315.0 1 0 1 0 1 0 0 1 0 0 600 1 0
147.0 315.0 1 0 1 0 1 0 0 1 0 0 1200 0 0
147.0 315.0 1 0 0 0 0 0 0 1 0 0 600 0 1
147.0 315.0 0 0 0 0 1 0 0 1 0 0 600 0 0
147.0 315.0 0 0 0 0 1 0 0 0 0 0 600 0 0
147.0 315.0 0 0 0 0 0 0 0 1 0 0 600 0 0
168.0 294.0 1 0 1 0 1 0 0 1 0 0 600 1 0
168.0 252.0 1 0 1 0 1 0 0 0 0 1 600 1 0
168.0 252.0 1 0 1 0 1 0 0 0 0 1 600 0 1
168.0 252.0 1 0 1 0 1 0 0 0 0 1 600 0 0
168.0 252.0 1 0 1 0 1 0 0 0 0 1 1200 1 0
168.0 231.0 1 0 1 0 1 0 0 1 0 0 600 1 0
168.0 252.0 1 0 1 0 1 0 0 1 0 0 600 0 0
147.0 273.0 1 0 0 0 1 0 0 1 0 1 600 1 1
147.0 273.0 1 0 0 0 1 0 0 1 0 1 600 0 1
147.0 273.0 0 0 0 0 1 0 0 1 0 1 600 0 1
147.0 273.0 0 0 0 0 1 0 0 1 0 1 600 0 0
147.0 273.0 1 0 0 0 0 0 0 1 0 1 1200 0 0
168.0 273.0 0 0 0 0 0 0 0 0 0 0 600 0 0
168.0 273.0 0 0 0 0 0 0 0 1 0 0 600 0 0
168.0 294.0 1 0 1 0 1 0 0 1 0 0 1200 1 0
168.0 252.0 1 0 1 0 1 0 0 0 0 1 600 0 0
147.0 273.0 1 0 1 0 1 0 0 0 0 1 600 0 0
147.0 273.0 0 0 0 0 0 0 0 0 0 1 600 0 1
147.0 273.0 1 0 0 0 0 0 0 0 0 1 600 0 0
147.0 273.0 0 0 0 0 1 0 0 0 0 0 600 0 0
168.0 273.0 0 0 0 0 0 0 0 1 0 0 300 0 0
168.0 273.0 0 0 0 0 0 0 0 1 0 0 300 0 0
168.0 294.0 1 0 1 0 1 0 0 1 0 0 600 1 0
168.0 294.0 1 0 1 0 1 0 0 1 0 0 600 1 0
168.0 252.0 1 0 1 0 1 0 0 0 0 1 1200 0 0
147.0 273.0 1 0 1 0 1 0 0 0 0 1 600 1 0
147.0 273.0 1 0 1 0 1 0 0 0 0 1 600 1 0
147.0 210.0 1 0 1 0 1 0 0 0 0 1 1200 0 0
168.0 189.0 1 0 1 0 1 0 0 0 0 0 600 1 0
168.0 189.0 1 0 1 0 1 0 0 0 0 1 1200 1 0
168.0 189.0 1 0 1 0 1 0 0 0 0 1 600 0 0
147.0 168.0 1 0 1 0 1 0 0 0 0 1 600 1 0
147.0 168.0 1 0 1 0 1 0 0 0 0 1 600 1 0
147.0 168.0 1 0 1 0 1 0 0 1 0 0 1200 0 0
21.0 147.0 0 0 0 0 0 0 0 1 0 0 600 0 1
21.0 147.0 0 0 0 0 0 0 0 1 0 0 600 0 1
21.0 147.0 0 0 0 0 1 0 0 1 0 0 600 0 1
21.0 147.0 0 0 0 0 1 0 0 1 0 0 600 0 0
21.0 147.0 1 0 0 0 0 0 0 0 0 0 600 0 0
21.0 147.0 0 0 0 0 0 0 0 0 0 0 600 0 0
21.0 147.0 1 0 0 0 1 0 0 1 0 0 600 0 0
21.0 147.0 0 0 0 0 0 0 0 0 0 0 600 0 0
0.0 0.0 0 0 0 0 0 0 0 0 0 0 500 0 0
1000.0 1000.0 0 0 0 0 0 0 0 0 0 0 1000 0 0