184.0 105.0 0 1 0 0 0 0 0 0 0 1 462 0 0
268.4 104.5 0 1 0 0 0 0 0 0 1 0 462 0 0
331.0 105.0 0 1 0 0 0 0 0 0 0 1 462 0 0
331.0 104.5 0 0 0 0 0 0 0 0 1 0 462 0 0
168.0 105.0 1 0 0 0 0 0 0 0 0 1 462 0 0
252.0 168.0 1 0 0 0 0 0 0 0 0 1 462 0 0
336.0 105.0 1 0 0 0 0 0 0 0 0 1 462 0 0
273.0 189.0 0 0 0 0 0 0 0 0 0 1 2769 0 0
210.0 252.0 0 0 0 0 0 0 0 0 0 1 231 0 0
210.0 190.8 0 0 0 0 0 0 0 0 1 0 231 0 0
184.0 105.0 0 1 0 0 0 0 0 0 0 1 462 0 0
268.4 104.5 0 1 0 0 0 0 0 0 1 0 462 0 0
331.0 105.0 0 1 0 0 0 0 0 0 0 1 462 0 0
331.0 104.5 0 0 0 0 0 0 0 0 1 0 462 0 0
168.0 105.0 1 0 0 0 0 0 0 0 0 1 462 0 0
252.0 168.0 1 0 0 0 0 0 0 0 0 1 462 0 0
336.0 105.0 1 0 0 0 0 0 0 0 0 1 462 0 0
273.0 189.0 0 0 0 0 0 0 0 0 0 1 2769 0 0
210.0 252.0 0 0 0 0 0 0 0 0 0 1 231 0 0
210.0 190.8 0 0 0 0 0 0 0 0 1 0 231 0 0
184.0 105.0 0 1 0 0 0 0 0 0 0 1 462 0 0
268.4 104.5 0 1 0 0 0 0 0 0 1 0 231 0 0
268.4 105.0 0 0 0 0 0 0 0 0 0 1 231 0 0
331.0 105.0 0 1 0 0 0 0 0 0 0 0 231 0 0
399.0 63.0 1 0 0 0 0 0 0 0 0 0 231 0 0
357.5 104.5 0 0 0 0 0 0 0 0 1 0 231 0 0
357.0 105.0 0 0 0 0 0 0 0 0 0 1 231 0 0
168.0 105.0 1 0 0 0 0 0 0 0 0 0 231 0 0
168.0 252.0 0 0 0 0 0 0 0 0 0 1 231 0 0
252.0 168.0 1 0 0 0 0 0 0 0 0 1 231 0 0
252.0 105.0 0 0 0 0 0 0 0 0 0 1 231 0 0
336.0 105.0 1 0 0 0 0 0 0 0 0 0 231 0 0
399.0 63.0 1 0 0 0 0 0 0 0 0 0 231 0 0
168.0 189.0 1 0 0 0 0 0 0 0 0 1 231 0 0
168.0 252.0 0 0 0 0 0 0 0 0 0 1 231 0 0
105.0 190.8 1 0 0 0 0 0 0 0 1 0 462 0 0
189.0 189.0 1 0 0 0 0 0 0 0 0 1 462 0 0
268.4 168.0 0 1 0 0 0 0 0 0 0 1 462 0 0
268.4 190.8 0 0 0 0 0 0 0 0 1 0 462 0 0
207.7 231.0 0 1 0 0 0 0 0 0 0 1 462 0 0
273.0 189.0 1 0 0 0 0 0 0 0 0 0 462 0 0
336.0 126.0 1 0 0 0 0 0 0 0 0 0 462 0 0
399.0 63.0 1 0 0 0 0 0 0 0 0 0 231 0 0
354.7 63.0 0 1 0 0 0 0 0 0 0 0 231 0 0
184.0 252.0 0 1 0 0 0 0 0 0 0 1 462 0 0
124.2 337.8 0 0 0 0 0 0 0 0 1 0 462 0 0
124.2 275.2 0 0 0 0 0 0 0 0 1 0 231 0 0
124.2 315.0 0 0 0 0 0 0 0 0 0 1 231 0 0
124.2 252.0 0 0 0 0 0 0 0 0 0 1 231 0 0
124.2 231.0 0 0 0 0 0 0 0 0 0 1 231 0 0
168.0 190.8 1 0 0 0 0 0 0 0 1 0 462 0 0
252.0 190.8 1 0 0 0 0 0 0 0 0 0 462 0 0
336.0 126.0 1 0 0 0 0 0 0 0 0 0 462 0 0
271.2 190.8 0 0 0 0 0 0 0 0 1 0 231 0 0
271.2 189.0 0 0 0 0 0 0 0 0 0 1 231 0 0
105.0 168.0 1 0 0 0 0 0 0 0 0 1 462 0 0
189.0 168.0 1 0 0 0 0 0 0 0 0 0 462 0 0
268.4 168.0 0 1 0 0 0 0 0 0 0 0 462 0 0
268.4 189.0 0 0 0 0 0 0 0 0 0 1 231 0 0
268.4 190.8 0 0 0 0 0 0 0 0 1 0 231 0 0
189.0 231.0 1 0 0 0 0 0 0 0 0 1 462 0 0
273.0 189.0 1 0 0 0 0 0 0 0 0 0 462 0 0
210.5 251.5 0 0 0 0 0 0 0 0 1 0 923 0 0
184.0 105.0 0 1 0 0 0 0 0 0 0 1 462 0 0
268.4 104.5 0 1 0 0 0 0 0 0 1 0 231 0 0
268.4 105.0 0 0 0 0 0 0 0 0 0 1 231 0 0
331.0 105.0 0 1 0 0 0 0 0 0 0 0 231 0 0
399.0 63.0 1 0 0 0 0 0 0 0 0 0 231 0 0
357.5 104.5 0 0 0 0 0 0 0 0 1 0 231 0 0
357.0 105.0 0 0 0 0 0 0 0 0 0 1 231 0 0
168.0 105.0 1 0 0 0 0 0 0 0 0 0 231 0 0
168.0 252.0 0 0 0 0 0 0 0 0 0 1 231 0 0
252.0 168.0 1 0 0 0 0 0 0 0 0 1 231 0 0
252.0 105.0 0 0 0 0 0 0 0 0 0 1 231 0 0
336.0 105.0 1 0 0 0 0 0 0 0 0 0 231 0 0
399.0 63.0 1 0 0 0 0 0 0 0 0 0 231 0 0
168.0 189.0 1 0 0 0 0 0 0 0 0 1 231 0 0
168.0 252.0 0 0 0 0 0 0 0 0 0 1 231 0 0
105.0 190.8 1 0 0 0 0 0 0 0 1 0 462 0 0
189.0 189.0 1 0 0 0 0 0 0 0 0 1 462 0 0
268.4 168.0 0 1 0 0 0 0 0 0 0 1 462 0 0
105.0 43.8 1 0 0 0 0 0 0 0 1 0 462 0 0
189.0 84.0 1 0 0 0 0 0 0 0 0 1 462 0 0
273.0 168.0 1 0 0 0 0 0 0 0 0 1 462 0 0
268.4 84.0 0 1 0 0 0 0 0 0 0 1 462 0 0
268.4 105.0 0 0 0 0 0 0 0 0 0 1 231 0 0
268.4 104.5 0 0 0 0 0 0 0 0 1 0 231 0 0
184.0 105.0 0 1 0 0 0 0 0 0 0 1 462 0 0
268.4 105.0 0 1 0 0 0 0 0 0 0 0 462 0 0
331.0 105.0 0 1 0 0 0 0 0 0 0 0 462 0 0
399.0 63.0 1 0 0 0 0 0 0 0 0 0 231 0 0
420.0 42.0 1 0 0 0 0 0 0 0 0 0 231 0 0
168.0 190.8 1 0 0 0 0 0 0 0 1 0 462 0 0
147.0 315.0 1 0 0 0 0 0 0 0 0 1 462 0 0
210.0 252.0 1 0 0 0 0 0 0 0 0 1 462 0 0
210.0 190.8 0 0 0 0 0 0 0 0 1 0 231 0 0
210.0 189.0 0 0 0 0 0 0 0 0 0 1 231 0 0
105.0 168.0 1 0 0 0 0 0 0 0 0 1 462 0 0
147.0 315.0 1 0 0 0 0 0 0 0 0 1 462 0 0
268.4 190.8 0 1 0 0 0 0 0 0 1 0 462 0 0
268.4 189.0 0 0 0 0 0 0 0 0 0 1 231 0 0
268.4 190.8 0 0 0 0 0 0 0 0 1 0 231 0 0
189.0 231.0 1 0 0 0 0 0 0 0 0 1 462 0 0
273.0 189.0 1 0 0 0 0 0 0 0 0 0 462 0 0
336.0 105.0 1 0 0 0 0 0 0 0 0 1 231 0 0
336.0 84.0 0 0 0 0 0 0 0 0 0 1 231 0 0
336.0 105.0 0 0 0 0 0 0 0 0 0 1 231 0 0
336.0 104.5 0 0 0 0 0 0 0 0 1 0 231 0 0
184.0 105.0 0 1 0 0 0 0 0 0 0 1 231 0 0
184.0 252.0 0 0 0 0 0 0 0 0 0 1 231 0 0
268.4 168.0 0 1 0 0 0 0 0 0 0 1 231 0 0
210.0 252.0 0 0 0 0 0 0 0 0 0 1 231 0 0
331.0 105.0 0 1 0 0 0 0 0 0 0 1 231 0 0
331.0 84.0 0 0 0 0 0 0 0 0 0 1 231 0 0
184.0 105.0 0 1 0 0 0 0 0 0 0 1 231 0 0
184.0 104.5 0 0 0 0 0 0 0 0 1 0 231 0 0
168.0 105.0 1 0 0 0 0 0 0 0 0 1 231 0 0
168.0 252.0 0 0 0 0 0 0 0 0 0 1 231 0 0
252.0 168.0 1 0 0 0 0 0 0 0 0 1 231 0 0
210.0 252.0 0 0 0 0 0 0 0 0 0 1 231 0 0
336.0 105.0 1 0 0 0 0 0 0 0 0 1 231 0 0
336.0 84.0 0 0 0 0 0 0 0 0 0 1 231 0 0
168.0 105.0 1 0 0 0 0 0 0 0 0 1 231 0 0
168.0 104.5 0 0 0 0 0 0 0 0 1 0 231 0 0
105.0 105.0 1 0 0 0 0 0 0 0 0 1 231 0 0
105.0 84.0 0 0 0 0 0 0 0 0 0 1 231 0 0
189.0 43.8 1 0 0 0 0 0 0 0 1 0 231 0 0
189.0 42.0 0 0 0 0 0 0 0 0 0 1 231 0 0
268.4 21.0 0 1 0 0 0 0 0 0 0 1 231 0 0
268.4 43.8 0 0 0 0 0 0 0 0 1 0 231 0 0
105.0 84.0 1 0 0 0 0 0 0 0 0 1 231 0 0
105.0 105.0 0 0 0 0 0 0 0 0 0 1 231 0 0
189.0 104.5 1 0 0 0 0 0 0 0 1 0 462 0 0
231.0 231.0 1 0 0 0 0 0 0 0 0 1 462 0 0
336.0 105.0 1 0 0 0 0 0 0 0 0 1 231 0 0
336.0 84.0 0 0 0 0 0 0 0 0 0 1 231 0 0
189.0 105.0 1 0 0 0 0 0 0 0 0 1 231 0 0
189.0 104.5 0 0 0 0 0 0 0 0 1 0 231 0 0
184.0 105.0 0 1 0 0 0 0 0 0 0 1 231 0 0
184.0 252.0 0 0 0 0 0 0 0 0 0 1 231 0 0
268.4 168.0 0 1 0 0 0 0 0 0 0 1 231 0 0
210.0 252.0 0 0 0 0 0 0 0 0 0 1 231 0 0
331.0 105.0 0 1 0 0 0 0 0 0 0 1 231 0 0
331.0 84.0 0 0 0 0 0 0 0 0 0 1 231 0 0
184.0 105.0 0 1 0 0 0 0 0 0 0 1 231 0 0
184.0 104.5 0 0 0 0 0 0 0 0 1 0 231 0 0
168.0 105.0 1 0 0 0 0 0 0 0 0 1 231 0 0
168.0 252.0 0 0 0 0 0 0 0 0 0 1 231 0 0
252.0 168.0 1 0 0 0 0 0 0 0 0 1 231 0 0
210.0 252.0 0 0 0 0 0 0 0 0 0 1 231 0 0
336.0 105.0 1 0 0 0 0 0 0 0 0 1 231 0 0
336.0 84.0 0 0 0 0 0 0 0 0 0 1 231 0 0
168.0 105.0 1 0 0 0 0 0 0 0 0 1 231 0 0
168.0 104.5 0 0 0 0 0 0 0 0 1 0 231 0 0
105.0 105.0 1 0 0 0 0 0 0 0 0 1 231 0 0
105.0 84.0 0 0 0 0 0 0 0 0 0 1 231 0 0
189.0 43.8 1 0 0 0 0 0 0 0 1 0 231 0 0
189.0 42.0 0 0 0 0 0 0 0 0 0 1 231 0 0
268.4 21.0 0 1 0 0 0 0 0 0 0 1 231 0 0
268.4 43.8 0 0 0 0 0 0 0 0 1 0 231 0 0
105.0 84.0 1 0 0 0 0 0 0 0 0 1 231 0 0
105.0 105.0 0 0 0 0 0 0 0 0 0 1 231 0 0
189.0 104.5 1 0 0 0 0 0 0 0 1 0 462 0 0
231.0 231.0 1 0 0 0 0 0 0 0 0 1 462 0 0
336.0 105.0 1 0 0 0 0 0 0 0 0 1 231 0 0
336.0 105.0 0 0 0 0 0 0 0 0 0 1 115 0 0
336.0 84.0 0 0 0 0 0 0 0 0 0 1 115 0 0
189.0 84.0 1 0 0 0 0 0 0 0 0 0 115 0 0
189.0 105.0 0 0 0 0 0 0 0 0 0 1 231 0 0
189.0 104.5 0 0 0 0 0 0 0 0 1 0 115 0 0
37.0 105.0 0 1 0 0 0 0 0 0 0 1 231 0 0
37.0 252.0 0 0 0 0 0 0 0 0 0 1 231 0 0
121.4 168.0 0 1 0 0 0 0 0 0 0 1 231 0 0
121.4 252.0 0 0 0 0 0 0 0 0 0 1 231 0 0
184.0 105.0 0 1 0 0 0 0 0 0 0 1 346 0 0
184.0 84.0 0 0 0 0 0 0 0 0 0 1 115 0 0
37.0 105.0 0 1 0 0 0 0 0 0 0 1 231 0 0
37.0 104.5 0 0 0 0 0 0 0 0 1 0 231 0 0
168.0 105.0 1 0 0 0 0 0 0 0 0 1 231 0 0
168.0 252.0 0 0 0 0 0 0 0 0 0 1 231 0 0
252.0 168.0 1 0 0 0 0 0 0 0 0 1 231 0 0
210.0 252.0 0 0 0 0 0 0 0 0 0 1 231 0 0
336.0 105.0 1 0 0 0 0 0 0 0 0 1 346 0 0
336.0 84.0 0 0 0 0 0 0 0 0 0 1 115 0 0
168.0 105.0 1 0 0 0 0 0 0 0 0 1 231 0 0
168.0 104.5 0 0 0 0 0 0 0 0 1 0 231 0 0
105.0 105.0 1 0 0 0 0 0 0 0 0 1 231 0 0
105.0 84.0 0 0 0 0 0 0 0 0 0 1 231 0 0
189.0 43.8 1 0 0 0 0 0 0 0 1 0 231 0 0
189.0 42.0 0 0 0 0 0 0 0 0 0 1 231 0 0
268.4 21.0 0 1 0 0 0 0 0 0 0 1 231 0 0
268.4 43.8 0 0 0 0 0 0 0 0 1 0 231 0 0
105.0 84.0 1 0 0 0 0 0 0 0 0 1 231 0 0
105.0 105.0 0 0 0 0 0 0 0 0 0 1 231 0 0
37.0 104.5 0 1 0 0 0 0 0 0 1 0 462 0 0
126.0 231.0 1 0 0 0 0 0 0 0 0 1 462 0 0
207.7 105.0 0 1 0 0 0 0 0 0 0 1 346 0 0
207.7 84.0 0 0 0 0 0 0 0 0 0 1 115 0 0
37.0 105.0 0 1 0 0 0 0 0 0 0 1 231 0 0
37.0 104.5 0 0 0 0 0 0 0 0 1 0 231 0 0
37.0 105.0 0 1 0 0 0 0 0 0 0 1 231 0 0
37.0 252.0 0 0 0 0 0 0 0 0 0 1 231 0 0
121.4 128.2 0 1 0 0 0 0 0 0 1 0 231 0 0
121.4 252.0 0 0 0 0 0 0 0 0 0 1 231 0 0
184.0 105.0 0 1 0 0 0 0 0 0 0 1 346 0 0
184.0 84.0 0 0 0 0 0 0 0 0 0 1 115 0 0
37.0 105.0 0 1 0 0 0 0 0 0 0 1 231 0 0
37.0 104.5 0 0 0 0 0 0 0 0 1 0 231 0 0
168.0 105.0 1 0 0 0 0 0 0 0 0 1 231 0 0
168.0 252.0 0 0 0 0 0 0 0 0 0 1 231 0 0
252.0 168.0 1 0 0 0 0 0 0 0 0 1 231 0 0
210.0 252.0 0 0 0 0 0 0 0 0 0 1 231 0 0
336.0 105.0 1 0 0 0 0 0 0 0 0 1 231 0 0
336.0 84.0 0 0 0 0 0 0 0 0 0 1 231 0 0
168.0 105.0 1 0 0 0 0 0 0 0 0 1 231 0 0
168.0 104.5 0 0 0 0 0 0 0 0 1 0 231 0 0
105.0 105.0 1 0 0 0 0 0 0 0 0 1 231 0 0
105.0 84.0 0 0 0 0 0 0 0 0 0 1 231 0 0
189.0 43.8 1 0 0 0 0 0 0 0 1 0 231 0 0
189.0 42.0 0 0 0 0 0 0 0 0 0 1 231 0 0
273.0 21.0 1 0 0 0 0 0 0 0 0 1 231 0 0
273.0 43.8 0 0 0 0 0 0 0 0 1 0 231 0 0
105.0 84.0 1 0 0 0 0 0 0 0 0 1 231 0 0
105.0 105.0 0 0 0 0 0 0 0 0 0 1 231 0 0
37.0 104.5 0 1 0 0 0 0 0 0 1 0 462 0 0
126.0 231.0 1 0 0 0 0 0 0 0 0 1 462 0 0
207.7 251.5 0 1 0 0 0 0 0 0 1 0 692 0 0
147.0 315.0 0 0 0 0 0 0 0 0 0 1 2077 0 0
147.0 252.0 0 0 0 0 0 0 0 0 0 1 346 0 0
147.0 190.8 0 0 0 0 0 0 0 0 1 0 346 0 0
184.0 105.0 0 1 0 0 0 0 0 0 0 1 462 0 0
268.4 104.5 0 1 0 0 0 0 0 0 1 0 231 0 0
268.4 105.0 0 0 0 0 0 0 0 0 0 1 231 0 0
331.0 105.0 0 1 0 0 0 0 0 0 0 1 231 0 0
399.0 63.0 1 0 0 0 0 0 0 0 0 0 231 0 0
357.5 104.5 0 0 0 0 0 0 0 0 1 0 231 0 0
357.0 105.0 0 0 0 0 0 0 0 0 0 1 231 0 0
168.0 105.0 1 0 0 0 0 0 0 0 0 1 231 0 0
168.0 252.0 0 0 0 0 0 0 0 0 0 1 231 0 0
252.0 168.0 1 0 0 0 0 0 0 0 0 1 231 0 0
252.0 105.0 0 0 0 0 0 0 0 0 0 1 231 0 0
336.0 105.0 1 0 0 0 0 0 0 0 0 1 231 0 0
399.0 63.0 1 0 0 0 0 0 0 0 0 0 231 0 0
168.0 189.0 1 0 0 0 0 0 0 0 0 1 231 0 0
168.0 252.0 0 0 0 0 0 0 0 0 0 1 231 0 0
105.0 190.8 1 0 0 0 0 0 0 0 1 0 462 0 0
189.0 189.0 1 0 0 0 0 0 0 0 0 1 462 0 0
268.4 168.0 0 1 0 0 0 0 0 0 0 1 462 0 0
105.0 190.8 1 0 0 0 0 0 0 0 1 0 462 0 0
189.0 231.0 1 0 0 0 0 0 0 0 0 1 462 0 0
273.0 189.0 1 0 0 0 0 0 0 0 0 0 462 0 0
336.0 126.0 1 0 0 0 0 0 0 0 0 0 462 0 0
399.0 63.0 1 0 0 0 0 0 0 0 0 0 231 0 0
354.7 63.0 0 1 0 0 0 0 0 0 0 0 231 0 0
184.0 252.0 0 1 0 0 0 0 0 0 0 1 462 0 0
273.0 189.0 1 0 0 0 0 0 0 0 0 0 692 0 0
336.0 126.0 1 0 0 0 0 0 0 0 0 0 231 0 0
399.0 63.0 1 0 0 0 0 0 0 0 0 0 231 0 0
420.0 42.0 1 0 0 0 0 0 0 0 0 0 231 0 0
168.0 190.8 1 0 0 0 0 0 0 0 1 0 231 0 0
147.0 315.0 0 0 0 0 0 0 0 0 0 1 231 0 0
147.0 252.0 0 0 0 0 0 0 0 0 0 1 231 0 0
147.0 231.0 0 0 0 0 0 0 0 0 0 1 231 0 0
147.0 190.8 0 0 0 0 0 0 0 0 1 0 231 0 0
147.0 315.0 0 0 0 0 0 0 0 0 0 1 231 0 0
271.2 190.8 1 0 0 0 0 0 0 0 1 0 231 0 0
271.2 189.0 0 0 0 0 0 0 0 0 0 1 231 0 0
105.0 168.0 1 0 0 0 0 0 0 0 0 1 231 0 0
105.0 315.0 0 0 0 0 0 0 0 0 0 1 231 0 0
189.0 190.8 1 0 0 0 0 0 0 0 1 0 231 0 0
189.0 189.0 0 0 0 0 0 0 0 0 0 1 231 0 0
268.4 168.0 0 1 0 0 0 0 0 0 0 1 231 0 0
336.0 126.0 1 0 0 0 0 0 0 0 0 0 231 0 0
105.0 189.0 1 0 0 0 0 0 0 0 0 1 231 0 0
105.0 190.8 0 0 0 0 0 0 0 0 1 0 231 0 0
189.0 231.0 1 0 0 0 0 0 0 0 0 1 231 0 0
147.0 315.0 0 0 0 0 0 0 0 0 0 1 231 0 0
273.0 189.0 1 0 0 0 0 0 0 0 0 1 231 0 0
271.2 190.8 0 0 0 0 0 0 0 0 1 0 231 0 0
231.0 231.0 1 0 0 0 0 0 0 0 0 1 462 0 0
210.5 251.5 0 0 0 0 0 0 0 0 1 0 462 0 0
184.0 105.0 0 1 0 0 0 0 0 0 0 1 462 0 0
268.4 104.5 0 1 0 0 0 0 0 0 1 0 231 0 0
268.4 105.0 0 0 0 0 0 0 0 0 0 1 231 0 0
331.0 105.0 0 1 0 0 0 0 0 0 0 0 231 0 0
399.0 63.0 1 0 0 0 0 0 0 0 0 0 231 0 0
184.0 104.5 0 1 0 0 0 0 0 0 1 0 231 0 0
184.0 105.0 0 0 0 0 0 0 0 0 0 1 231 0 0
168.0 105.0 1 0 0 0 0 0 0 0 0 0 231 0 0
168.0 252.0 0 0 0 0 0 0 0 0 0 1 231 0 0
252.0 168.0 1 0 0 0 0 0 0 0 0 1 231 0 0
252.0 105.0 0 0 0 0 0 0 0 0 0 1 231 0 0
336.0 105.0 1 0 0 0 0 0 0 0 0 0 231 0 0
399.0 63.0 1 0 0 0 0 0 0 0 0 0 231 0 0
168.0 189.0 1 0 0 0 0 0 0 0 0 1 231 0 0
168.0 252.0 0 0 0 0 0 0 0 0 0 1 231 0 0
105.0 190.8 1 0 0 0 0 0 0 0 1 0 462 0 0
189.0 189.0 1 0 0 0 0 0 0 0 0 1 462 0 0
268.4 168.0 0 1 0 0 0 0 0 0 0 1 462 0 0
105.0 43.8 1 0 0 0 0 0 0 0 1 0 462 0 0
189.0 84.0 1 0 0 0 0 0 0 0 0 1 462 0 0
273.0 168.0 1 0 0 0 0 0 0 0 0 1 462 0 0
336.0 84.0 1 0 0 0 0 0 0 0 0 1 462 0 0
189.0 105.0 1 0 0 0 0 0 0 0 0 1 231 0 0
189.0 104.5 0 0 0 0 0 0 0 0 1 0 231 0 0
184.0 105.0 0 1 0 0 0 0 0 0 0 1 462 0 0
268.4 105.0 0 1 0 0 0 0 0 0 0 0 462 0 0
331.0 105.0 0 1 0 0 0 0 0 0 0 0 462 0 0
399.0 63.0 1 0 0 0 0 0 0 0 0 0 231 0 0
420.0 42.0 1 0 0 0 0 0 0 0 0 0 231 0 0
168.0 190.8 1 0 0 0 0 0 0 0 1 0 231 0 0
147.0 315.0 0 0 0 0 0 0 0 0 0 1 231 0 0
210.0 252.0 1 0 0 0 0 0 0 0 0 1 231 0 0
210.0 231.0 0 0 0 0 0 0 0 0 0 1 231 0 0
210.0 190.8 0 0 0 0 0 0 0 0 1 0 231 0 0
147.0 315.0 0 0 0 0 0 0 0 0 0 1 231 0 0
168.0 190.8 1 0 0 0 0 0 0 0 1 0 231 0 0
168.0 189.0 0 0 0 0 0 0 0 0 0 1 231 0 0
105.0 168.0 1 0 0 0 0 0 0 0 0 1 231 0 0
105.0 315.0 0 0 0 0 0 0 0 0 0 1 231 0 0
189.0 190.8 1 0 0 0 0 0 0 0 1 0 231 0 0
189.0 189.0 0 0 0 0 0 0 0 0 0 1 231 0 0
268.4 168.0 0 1 0 0 0 0 0 0 0 1 231 0 0
336.0 126.0 1 0 0 0 0 0 0 0 0 0 231 0 0
105.0 189.0 1 0 0 0 0 0 0 0 0 1 231 0 0
105.0 190.8 0 0 0 0 0 0 0 0 1 0 231 0 0
42.0 231.0 1 0 0 0 0 0 0 0 0 1 231 0 0
42.0 315.0 0 0 0 0 0 0 0 0 0 1 231 0 0
126.0 251.5 1 0 0 0 0 0 0 0 1 0 231 0 0
126.0 231.0 0 0 0 0 0 0 0 0 0 1 231 0 0
207.7 105.0 0 1 0 0 0 0 0 0 0 1 231 0 0
207.7 84.0 0 0 0 0 0 0 0 0 0 1 231 0 0
42.0 105.0 1 0 0 0 0 0 0 0 0 1 231 0 0
42.0 104.5 0 0 0 0 0 0 0 0 1 0 231 0 0
37.0 105.0 0 1 0 0 0 0 0 0 0 1 231 0 0
37.0 252.0 0 0 0 0 0 0 0 0 0 1 231 0 0
121.4 168.0 0 1 0 0 0 0 0 0 0 1 231 0 0
121.4 252.0 0 0 0 0 0 0 0 0 0 1 231 0 0
184.0 105.0 0 1 0 0 0 0 0 0 0 1 231 0 0
184.0 105.0 0 0 0 0 0 0 0 0 0 1 115 0 0
184.0 84.0 0 0 0 0 0 0 0 0 0 1 115 0 0
37.0 84.0 0 1 0 0 0 0 0 0 0 1 231 0 0
37.0 104.5 0 0 0 0 0 0 0 0 1 0 231 0 0
168.0 105.0 1 0 0 0 0 0 0 0 0 1 231 0 0
168.0 252.0 0 0 0 0 0 0 0 0 0 1 231 0 0
252.0 168.0 1 0 0 0 0 0 0 0 0 1 231 0 0
210.0 252.0 0 0 0 0 0 0 0 0 0 1 231 0 0
315.0 105.0 1 0 0 0 0 0 0 0 0 1 231 0 0
315.0 105.0 0 0 0 0 0 0 0 0 0 1 115 0 0
315.0 84.0 0 0 0 0 0 0 0 0 0 1 115 0 0
168.0 105.0 1 0 0 0 0 0 0 0 0 1 231 0 0
168.0 104.5 0 0 0 0 0 0 0 0 1 0 231 0 0
105.0 105.0 1 0 0 0 0 0 0 0 0 1 231 0 0
105.0 84.0 0 0 0 0 0 0 0 0 0 1 231 0 0
189.0 43.8 1 0 0 0 0 0 0 0 1 0 231 0 0
189.0 42.0 0 0 0 0 0 0 0 0 0 1 231 0 0
273.0 21.0 1 0 0 0 0 0 0 0 0 1 231 0 0
273.0 43.8 0 0 0 0 0 0 0 0 1 0 231 0 0
105.0 84.0 1 0 0 0 0 0 0 0 0 1 231 0 0
105.0 105.0 0 0 0 0 0 0 0 0 0 1 231 0 0
37.0 104.5 0 1 0 0 0 0 0 0 1 0 231 0 0
37.0 231.0 0 0 0 0 0 0 0 0 0 1 231 0 0
126.0 168.0 1 0 0 0 0 0 0 0 0 1 231 0 0
126.0 231.0 0 0 0 0 0 0 0 0 0 1 231 0 0
207.7 105.0 0 1 0 0 0 0 0 0 0 1 231 0 0
207.7 105.0 0 0 0 0 0 0 0 0 0 1 115 0 0
207.7 84.0 0 0 0 0 0 0 0 0 0 1 115 0 0
37.0 105.0 0 1 0 0 0 0 0 0 0 1 231 0 0
37.0 104.5 0 0 0 0 0 0 0 0 1 0 231 0 0
37.0 105.0 0 1 0 0 0 0 0 0 0 1 231 0 0
37.0 252.0 0 0 0 0 0 0 0 0 0 1 231 0 0
121.4 168.0 0 1 0 0 0 0 0 0 0 1 231 0 0
121.4 252.0 0 0 0 0 0 0 0 0 0 1 231 0 0
184.0 105.0 0 1 0 0 0 0 0 0 0 1 231 0 0
184.0 105.0 0 0 0 0 0 0 0 0 0 1 115 0 0
184.0 84.0 0 0 0 0 0 0 0 0 0 1 115 0 0
37.0 84.0 0 1 0 0 0 0 0 0 0 1 231 0 0
37.0 104.5 0 0 0 0 0 0 0 0 1 0 231 0 0
168.0 105.0 1 0 0 0 0 0 0 0 0 1 231 0 0
168.0 252.0 0 0 0 0 0 0 0 0 0 1 231 0 0
252.0 168.0 1 0 0 0 0 0 0 0 0 1 231 0 0
210.0 252.0 0 0 0 0 0 0 0 0 0 1 231 0 0
315.0 105.0 1 0 0 0 0 0 0 0 0 1 231 0 0
315.0 105.0 0 0 0 0 0 0 0 0 0 1 115 0 0
315.0 84.0 0 0 0 0 0 0 0 0 0 1 115 0 0
168.0 105.0 1 0 0 0 0 0 0 0 0 1 231 0 0
168.0 104.5 0 0 0 0 0 0 0 0 1 0 231 0 0
105.0 105.0 1 0 0 0 0 0 0 0 0 1 231 0 0
105.0 84.0 0 0 0 0 0 0 0 0 0 1 231 0 0
189.0 43.8 1 0 0 0 0 0 0 0 1 0 231 0 0
189.0 42.0 0 0 0 0 0 0 0 0 0 1 231 0 0
273.0 21.0 1 0 0 0 0 0 0 0 0 1 231 0 0
273.0 43.8 0 0 0 0 0 0 0 0 1 0 231 0 0
105.0 84.0 1 0 0 0 0 0 0 0 0 1 231 0 0
105.0 105.0 0 0 0 0 0 0 0 0 0 1 231 0 0
37.0 104.5 0 1 0 0 0 0 0 0 1 0 231 0 0
37.0 231.0 0 0 0 0 0 0 0 0 0 1 231 0 0
126.0 168.0 1 0 0 0 0 0 0 0 0 1 231 0 0
126.0 231.0 0 0 0 0 0 0 0 0 0 1 231 0 0
207.7 105.0 0 1 0 0 0 0 0 0 0 1 231 0 0
207.7 105.0 0 0 0 0 0 0 0 0 0 1 115 0 0
207.7 84.0 0 0 0 0 0 0 0 0 0 1 115 0 0
37.0 105.0 0 1 0 0 0 0 0 0 0 1 231 0 0
37.0 104.5 0 0 0 0 0 0 0 0 1 0 231 0 0
37.0 105.0 0 1 0 0 0 0 0 0 0 1 231 0 0
37.0 252.0 0 0 0 0 0 0 0 0 0 1 231 0 0
121.4 168.0 0 1 0 0 0 0 0 0 0 1 231 0 0
121.4 252.0 0 0 0 0 0 0 0 0 0 1 231 0 0
184.0 105.0 0 1 0 0 0 0 0 0 0 1 231 0 0
184.0 84.0 0 0 0 0 0 0 0 0 0 1 231 0 0
37.0 105.0 0 1 0 0 0 0 0 0 0 1 231 0 0
37.0 104.5 0 0 0 0 0 0 0 0 1 0 231 0 0
168.0 105.0 1 0 0 0 0 0 0 0 0 1 231 0 0
168.0 252.0 0 0 0 0 0 0 0 0 0 1 231 0 0
252.0 168.0 1 0 0 0 0 0 0 0 0 1 231 0 0
210.0 252.0 0 0 0 0 0 0 0 0 0 1 231 0 0
315.0 105.0 1 0 0 0 0 0 0 0 0 1 231 0 0
315.0 84.0 0 0 0 0 0 0 0 0 0 1 231 0 0
168.0 105.0 1 0 0 0 0 0 0 0 0 1 231 0 0
168.0 104.5 0 0 0 0 0 0 0 0 1 0 231 0 0
105.0 105.0 1 0 0 0 0 0 0 0 0 1 231 0 0
105.0 84.0 0 0 0 0 0 0 0 0 0 1 231 0 0
189.0 43.8 1 0 0 0 0 0 0 0 1 0 231 0 0
189.0 42.0 0 0 0 0 0 0 0 0 0 1 231 0 0
273.0 21.0 1 0 0 0 0 0 0 0 0 1 231 0 0
273.0 43.8 0 0 0 0 0 0 0 0 1 0 231 0 0
105.0 84.0 1 0 0 0 0 0 0 0 0 1 231 0 0
105.0 105.0 0 0 0 0 0 0 0 0 0 1 231 0 0
37.0 104.5 0 1 0 0 0 0 0 0 1 0 462 0 0
126.0 231.0 1 0 0 0 0 0 0 0 0 1 462 0 0
207.7 105.0 0 1 0 0 0 0 0 0 0 1 231 0 0
207.7 105.0 0 0 0 0 0 0 0 0 0 1 115 0 0
207.7 84.0 0 0 0 0 0 0 0 0 0 1 115 0 0
37.0 84.0 0 1 0 0 0 0 0 0 0 1 231 0 0
37.0 104.5 0 0 0 0 0 0 0 0 1 0 231 0 0
37.0 105.0 0 1 0 0 0 0 0 0 0 1 231 0 0
37.0 252.0 0 0 0 0 0 0 0 0 0 1 231 0 0
121.4 168.0 0 1 0 0 0 0 0 0 0 1 231 0 0
121.4 252.0 0 0 0 0 0 0 0 0 0 1 231 0 0
184.0 105.0 0 1 0 0 0 0 0 0 0 1 231 0 0
184.0 105.0 0 0 0 0 0 0 0 0 0 1 115 0 0
184.0 84.0 0 0 0 0 0 0 0 0 0 1 115 0 0
37.0 105.0 0 1 0 0 0 0 0 0 0 1 231 0 0
37.0 104.5 0 0 0 0 0 0 0 0 1 0 231 0 0
168.0 105.0 1 0 0 0 0 0 0 0 0 1 231 0 0
168.0 252.0 0 0 0 0 0 0 0 0 0 1 231 0 0
252.0 168.0 1 0 0 0 0 0 0 0 0 1 231 0 0
210.0 252.0 0 0 0 0 0 0 0 0 0 1 231 0 0
336.0 105.0 1 0 0 0 0 0 0 0 0 1 231 0 0
336.0 105.0 0 0 0 0 0 0 0 0 0 1 115 0 0
336.0 84.0 0 0 0 0 0 0 0 0 0 1 115 0 0
168.0 105.0 1 0 0 0 0 0 0 0 0 1 231 0 0
168.0 104.5 0 0 0 0 0 0 0 0 1 0 231 0 0
105.0 105.0 1 0 0 0 0 0 0 0 0 1 231 0 0
105.0 84.0 0 0 0 0 0 0 0 0 0 1 231 0 0
189.0 43.8 1 0 0 0 0 0 0 0 1 0 231 0 0
189.0 42.0 0 0 0 0 0 0 0 0 0 1 231 0 0
268.4 21.0 0 1 0 0 0 0 0 0 0 1 231 0 0
268.4 43.8 0 0 0 0 0 0 0 0 1 0 231 0 0
105.0 84.0 1 0 0 0 0 0 0 0 0 1 231 0 0
105.0 105.0 0 0 0 0 0 0 0 0 0 1 231 0 0
42.0 104.5 1 0 0 0 0 0 0 0 1 0 462 0 0
126.0 189.0 1 0 0 0 0 0 0 0 0 1 462 0 0
207.7 251.5 0 1 0 0 0 0 0 0 1 0 462 0 0
147.0 315.0 0 0 0 0 0 0 0 0 0 1 462 0 0
184.0 105.0 0 1 0 0 0 0 0 0 0 1 462 0 0
184.0 104.5 0 0 0 0 0 0 0 0 1 0 462 0 0
184.0 105.0 0 0 0 0 0 0 0 0 0 1 462 0 0
184.0 104.5 0 0 0 0 0 0 0 0 1 0 462 0 0
184.0 104.5 0 1 0 0 0 0 0 0 1 0 462 0 0
294.0 168.0 1 0 0 0 0 0 0 0 0 1 462 0 0
331.0 105.0 0 1 0 0 0 0 0 0 0 1 462 0 0
184.0 189.0 0 1 0 0 0 0 0 0 0 1 462 0 0
189.0 190.8 1 0 0 0 0 0 0 0 1 0 462 0 0
268.4 189.0 0 1 0 0 0 0 0 0 0 1 462 0 0
294.0 168.0 1 0 0 0 0 0 0 0 0 1 462 0 0
271.2 190.8 0 0 0 0 0 0 0 0 1 0 462 0 0
231.0 231.0 1 0 0 0 0 0 0 0 0 1 923 0 0
210.0 252.0 0 0 0 0 0 0 0 0 0 1 462 0 0
210.0 251.5 0 0 0 0 0 0 0 0 1 0 462 0 0
37.0 252.0 0 1 0 0 0 0 0 0 0 1 462 0 0
121.4 252.0 0 1 0 0 0 0 0 0 0 0 462 0 0
121.4 315.0 0 0 0 0 0 0 0 0 0 1 462 0 0
121.4 252.0 0 0 0 0 0 0 0 0 0 1 231 0 0
121.4 231.0 0 0 0 0 0 0 0 0 0 1 231 0 0
168.0 190.8 1 0 0 0 0 0 0 0 1 0 462 0 0
147.0 315.0 1 0 0 0 0 0 0 0 0 1 462 0 0
210.0 252.0 0 1 0 0 0 0 0 0 0 1 462 0 0
210.0 190.8 0 0 0 0 0 0 0 0 1 0 231 0 0
210.0 189.0 0 0 0 0 0 0 0 0 0 1 231 0 0
184.0 105.0 0 1 0 0 0 0 0 0 0 1 462 0 0
268.4 104.5 0 1 0 0 0 0 0 0 1 0 462 0 0
331.0 105.0 0 1 0 0 0 0 0 0 0 1 462 0 0
331.0 104.5 0 0 0 0 0 0 0 0 1 0 462 0 0
168.0 105.0 1 0 0 0 0 0 0 0 0 1 462 0 0
252.0 168.0 1 0 0 0 0 0 0 0 0 1 462 0 0
331.0 105.0 0 1 0 0 0 0 0 0 0 1 462 0 0
168.0 189.0 1 0 0 0 0 0 0 0 0 1 462 0 0
105.0 190.8 1 0 0 0 0 0 0 0 1 0 462 0 0
189.0 189.0 1 0 0 0 0 0 0 0 0 1 462 0 0
268.4 168.0 0 1 0 0 0 0 0 0 0 1 462 0 0
268.4 43.8 0 0 0 0 0 0 0 0 1 0 462 0 0
189.0 105.0 1 0 0 0 0 0 0 0 0 1 462 0 0
273.0 105.0 1 0 0 0 0 0 0 0 0 0 462 0 0
210.0 252.0 0 0 0 0 0 0 0 0 0 1 462 0 0
210.0 252.0 0 0 0 0 0 0 0 0 0 1 231 0 0
210.0 251.5 0 0 0 0 0 0 0 0 1 0 231 0 0
37.0 252.0 0 1 0 0 0 0 0 0 0 1 462 0 0
121.4 252.0 0 1 0 0 0 0 0 0 0 0 462 0 0
184.0 252.0 0 1 0 0 0 0 0 0 0 0 462 0 0
184.0 252.0 0 0 0 0 0 0 0 0 0 1 231 0 0
184.0 231.0 0 0 0 0 0 0 0 0 0 1 231 0 0
168.0 190.8 1 0 0 0 0 0 0 0 1 0 462 0 0
147.0 315.0 1 0 0 0 0 0 0 0 0 1 462 0 0
210.0 252.0 1 0 0 0 0 0 0 0 0 1 462 0 0
210.0 190.8 0 0 0 0 0 0 0 0 1 0 231 0 0
210.0 189.0 0 0 0 0 0 0 0 0 0 1 231 0 0
105.0 168.0 1 0 0 0 0 0 0 0 0 1 462 0 0
147.0 315.0 1 0 0 0 0 0 0 0 0 1 462 0 0
184.0 252.0 0 1 0 0 0 0 0 0 0 1 462 0 0
184.0 189.0 0 0 0 0 0 0 0 0 0 1 231 0 0
184.0 190.8 0 0 0 0 0 0 0 0 1 0 231 0 0
42.0 231.0 1 0 0 0 0 0 0 0 0 1 462 0 0
121.4 231.0 0 1 0 0 0 0 0 0 0 0 462 0 0
147.0 315.0 0 1 0 0 0 0 0 0 0 1 923 0 0
37.0 252.0 0 1 0 0 0 0 0 0 0 1 462 0 0
63.0 399.0 0 1 0 0 0 0 0 0 0 1 462 0 0
124.2 337.8 0 1 0 0 0 0 0 0 1 0 692 0 0
124.2 275.2 0 0 0 0 0 0 0 0 1 0 692 0 0
124.2 252.0 0 0 0 0 0 0 0 0 0 1 3000 0 0
