11.5 27.6 0 0 0 0 0 0 0 0 0 1 600 0 0
11.5 32.2 0 0 0 1 0 0 0 1 0 0 600 1 0
11.5 27.6 0 0 0 1 0 0 0 0 0 1 600 0 0
18.4 27.6 0 0 1 0 1 0 0 0 0 1 600 0 0
11.5 27.6 0 0 0 0 0 0 0 0 0 1 300 0 0
11.5 27.6 0 0 0 0 0 0 0 0 0 1 300 0 0
11.5 29.9 0 0 1 0 0 0 0 0 0 1 600 1 0
11.5 29.9 0 0 1 0 0 0 0 1 0 0 600 0 0
13.8 34.5 0 0 0 1 0 0 1 1 0 0 600 0 0
13.8 34.5 0 0 1 0 0 0 0 1 0 0 600 1 0
13.8 32.2 0 0 1 0 0 0 0 1 0 0 300 1 0
13.8 27.6 0 0 1 0 0 0 0 0 0 1 300 0 0
16.1 27.6 0 0 0 1 0 0 1 0 0 1 600 0 0
16.1 27.6 0 0 0 0 0 0 0 0 0 1 600 0 0
16.1 29.9 1 0 0 0 0 0 0 1 0 1 1200 0 0
16.1 29.9 0 0 1 0 1 0 0 0 0 0 600 0 0
16.1 29.9 0 0 0 0 0 0 0 1 0 0 600 0 0
13.8 32.2 0 0 1 0 0 0 0 1 0 0 600 1 0
13.8 27.6 0 0 1 0 0 0 0 0 0 1 600 0 0
16.1 27.6 0 0 0 1 0 0 1 0 0 1 600 0 0
16.1 27.6 0 0 0 0 0 0 0 0 0 1 600 0 0
16.1 29.9 1 0 0 0 0 0 0 0 0 1 600 1 0
16.1 23.0 1 0 0 0 0 0 0 0 0 1 600 0 0
16.1 23.0 0 0 1 0 1 0 0 0 0 1 600 0 0
16.1 25.3 0 0 0 0 0 0 0 1 0 0 600 0 0
16.1 27.6 0 0 0 0 0 0 0 1 0 0 600 0 0
16.1 27.6 0 0 0 0 0 0 0 1 0 0 600 0 0
16.1 29.9 1 0 1 0 1 0 0 1 0 0 600 1 0
16.1 34.5 1 0 1 0 1 0 0 1 0 0 600 0 0
16.1 32.2 0 0 0 0 0 0 0 1 0 0 600 0 1
16.1 32.2 0 0 0 0 0 0 1 1 0 0 600 0 0
13.8 27.6 0 0 1 0 0 0 0 0 0 0 600 0 0
16.1 27.6 0 0 0 0 0 0 0 0 0 1 600 0 0
11.5 32.2 0 0 0 1 0 0 0 1 0 0 600 1 0
11.5 27.6 0 0 0 1 0 0 0 0 0 1 600 0 0
18.4 27.6 0 0 1 0 1 0 0 0 0 1 600 0 0
11.5 27.6 0 0 0 0 0 0 0 0 0 1 300 0 0
11.5 27.6 0 0 0 0 0 0 0 0 0 1 300 0 0
11.5 29.9 0 0 1 0 0 0 0 0 0 1 600 1 0
11.5 29.9 0 0 1 0 0 0 0 1 0 0 600 0 0
13.8 34.5 0 0 0 1 0 0 1 1 0 0 600 0 0
13.8 34.5 0 0 1 0 0 0 0 1 0 0 600 1 0
13.8 32.2 0 0 1 0 0 0 0 1 0 0 300 1 0
13.8 27.6 0 0 1 0 0 0 0 0 0 1 300 0 0
16.1 27.6 0 0 0 1 0 0 1 0 0 1 600 0 0
16.1 27.6 0 0 0 0 0 0 0 0 0 1 600 0 0
16.1 29.9 1 0 0 0 0 0 0 1 0 1 1200 0 0
16.1 29.9 0 0 1 0 1 0 0 0 0 0 600 0 0
16.1 29.9 0 0 0 0 0 0 0 1 0 0 600 0 0
13.8 32.2 0 0 1 0 0 0 0 1 0 0 600 1 0
13.8 27.6 0 0 1 0 0 0 0 0 0 1 600 0 0
16.1 27.6 0 0 0 1 0 0 1 0 0 1 600 0 0
16.1 27.6 0 0 0 0 0 0 0 0 0 1 600 0 0
16.1 29.9 1 0 0 0 0 0 0 0 0 1 600 1 0
16.1 23.0 1 0 0 0 0 0 0 0 0 1 600 0 0
16.1 23.0 0 0 1 0 1 0 0 0 0 1 600 0 0
16.1 25.3 0 0 0 0 0 0 0 1 0 0 600 0 0
16.1 27.6 0 0 0 0 0 0 0 1 0 0 600 0 0
16.1 27.6 0 0 0 0 0 0 0 1 0 0 600 0 0
16.1 29.9 1 0 1 0 1 0 0 1 0 0 600 1 0
16.1 34.5 1 0 1 0 1 0 0 1 0 0 600 0 0
16.1 32.2 0 0 0 0 0 0 0 1 0 0 600 0 1
16.1 32.2 1 0 1 0 1 0 0 1 0 0 600 0 0
18.4 32.2 1 0 1 0 1 0 0 0 0 0 600 0 0
13.8 32.2 0 0 0 0 0 0 0 1 0 0 600 0 0
13.8 27.6 1 0 1 0 1 0 0 1 0 0 1200 0 0
16.1 29.9 1 0 1 0 1 0 0 1 0 0 600 1 0
16.1 34.5 1 0 1 0 1 0 0 1 0 0 600 0 0
18.4 32.2 1 0 1 0 1 0 0 1 0 0 1200 0 0
2.3 34.5 1 0 0 0 0 0 0 0 0 0 600 0 0
16.1 34.5 0 0 0 0 0 0 0 1 0 0 600 0 0
16.1 32.2 0 0 1 0 0 0 0 1 0 0 600 1 0
16.1 27.6 0 0 1 0 0 0 0 0 0 1 600 0 0
16.1 27.6 0 0 0 1 0 0 1 0 0 1 600 0 0
16.1 27.6 0 0 0 0 0 0 0 0 0 1 300 0 0
16.1 27.6 0 0 0 0 0 0 0 0 0 1 300 0 0
16.1 29.9 1 0 0 0 0 0 0 0 0 1 600 1 0
16.1 29.9 1 0 0 0 0 0 0 1 0 0 600 0 0
16.1 34.5 0 0 1 0 1 0 0 1 0 0 600 0 0
16.1 34.5 0 0 0 0 0 0 0 1 0 0 600 0 0
16.1 32.2 0 0 1 0 0 0 0 1 0 0 600 1 0
16.1 27.6 0 0 1 0 0 0 0 0 0 1 600 0 0
16.1 27.6 0 0 0 1 0 0 1 0 0 1 600 0 0
16.1 27.6 0 0 0 0 0 0 0 0 0 1 600 0 0
16.1 29.9 1 0 0 0 0 0 0 1 0 1 1200 0 0
16.1 34.5 0 0 1 0 1 0 0 0 0 0 600 0 0
18.4 34.5 0 0 0 0 0 0 0 1 0 0 600 0 0
18.4 32.2 1 0 1 0 1 0 0 1 0 0 600 1 0
18.4 27.6 1 0 1 0 1 0 0 0 0 1 600 1 0
18.4 27.6 1 0 1 0 1 0 0 0 0 1 1200 0 0
16.1 27.6 0 0 1 0 0 0 0 0 0 1 600 0 1
16.1 27.6 0 0 0 0 0 0 1 0 0 1 600 0 0
16.1 27.6 0 0 0 0 0 0 1 0 0 0 600 0 0
16.1 27.6 0 0 0 0 0 0 0 1 0 0 600 0 0
16.1 29.9 1 0 1 0 1 0 0 1 0 1 600 1 0
16.1 34.5 1 0 1 0 1 0 0 1 0 0 600 1 0
16.1 34.5 1 0 1 0 1 0 0 1 0 0 1200 0 0
16.1 34.5 1 0 0 0 0 0 0 1 0 0 600 0 1
16.1 34.5 0 0 0 0 1 0 0 1 0 0 600 0 0
16.1 34.5 0 0 0 0 1 0 0 0 0 0 600 0 0
18.4 34.5 0 0 0 0 0 0 0 1 0 0 600 0 0
18.4 32.2 1 0 1 0 1 0 0 1 0 0 600 1 0
18.4 27.6 1 0 1 0 1 0 0 0 0 1 600 1 0
18.4 27.6 1 0 1 0 1 0 0 0 0 1 600 0 1
18.4 27.6 1 0 1 0 1 0 0 0 0 1 600 0 0
18.4 27.6 1 0 1 0 1 0 0 0 0 1 1200 1 0
18.4 25.3 1 0 1 0 1 0 0 1 0 0 600 1 0
18.4 27.6 1 0 1 0 1 0 0 1 0 0 600 0 0
16.1 29.9 1 0 0 0 1 0 0 1 0 1 600 1 1
16.1 29.9 1 0 0 0 1 0 0 1 0 1 600 0 1
16.1 29.9 0 0 0 0 1 0 0 1 0 1 600 0 1
16.1 29.9 0 0 0 0 1 0 0 1 0 1 600 0 0
16.1 29.9 1 0 0 0 0 0 0 1 0 1 1200 0 0
18.4 29.9 0 0 0 0 0 0 0 0 0 0 600 0 0
18.4 29.9 0 0 0 0 0 0 0 1 0 0 600 0 0
18.4 32.2 1 0 1 0 1 0 0 1 0 0 1200 1 0
18.4 27.6 1 0 1 0 1 0 0 0 0 1 600 0 0
16.1 29.9 1 0 1 0 1 0 0 0 0 1 600 0 0
16.1 29.9 0 0 0 0 0 0 0 0 0 1 600 0 1
16.1 29.9 1 0 0 0 0 0 0 0 0 1 600 0 0
16.1 29.9 0 0 0 0 1 0 0 0 0 0 600 0 0
18.4 29.9 0 0 0 0 0 0 0 1 0 0 300 0 0
18.4 29.9 0 0 0 0 0 0 0 1 0 0 300 0 0
18.4 32.2 1 0 1 0 1 0 0 1 0 0 600 1 0
18.4 32.2 1 0 1 0 1 0 0 1 0 0 600 1 0
18.4 27.6 1 0 1 0 1 0 0 0 0 1 1200 0 0
16.1 29.9 1 0 1 0 1 0 0 0 0 1 600 1 0
16.1 29.9 1 0 1 0 1 0 0 0 0 1 600 1 0
16.1 23.0 1 0 1 0 1 0 0 0 0 1 1200 0 0
18.4 20.7 1 0 1 0 1 0 0 0 0 0 600 1 0
18.4 20.7 1 0 1 0 1 0 0 0 0 1 1200 1 0
18.4 20.7 1 0 1 0 1 0 0 0 0 1 600 0 0
16.1 18.4 1 0 1 0 1 0 0 0 0 1 600 1 0
16.1 18.4 1 0 1 0 1 0 0 0 0 1 600 1 0
16.1 18.4 1 0 1 0 1 0 0 1 0 0 1200 0 0
2.3 16.1 0 0 0 0 0 0 0 1 0 0 600 0 1
2.3 16.1 0 0 0 0 0 0 0 1 0 0 600 0 1
2.3 16.1 0 0 0 0 1 0 0 1 0 0 600 0 1
2.3 16.1 0 0 0 0 1 0 0 1 0 0 600 0 0
2.3 16.1 1 0 0 0 0 0 0 0 0 0 600 0 0
2.3 16.1 0 0 0 0 0 0 0 0 0 0 600 0 0
2.3 16.1 1 0 0 0 1 0 0 1 0 0 600 0 0
2.3 16.1 0 0 0 0 0 0 0 0 0 0 600 0 0
