0.00 29.90 0 0 0 0 0 0 0 1 0 0 2000 0 0
0.00 27.60 0 0 0 0 0 0 0 0 0 1 1000 0 0
27.60 25.30 0 0 0 0 0 0 0 0 0 1 1000 0 0
27.60 23.00 1 0 1 0 1 0 0 0 0 1 2000 0 0
27.60 23.00 1 0 1 0 1 0 0 0 0 1 2000 0 0
2.30 20.70 1 0 0 0 0 0 0 0 0 1 1000 1 0
2.30 18.40 1 0 0 0 0 0 0 0 0 1 1000 0 0
27.60 16.10 1 0 0 1 0 0 1 0 0 1 2000 0 1
27.60 16.10 1 0 0 1 0 0 1 0 0 1 2000 0 0
9.20 25.30 1 0 0 0 0 0 0 0 0 1 1000 1 0
9.20 23.00 1 0 0 0 0 0 0 0 0 1 1000 0 0
25.30 20.70 1 0 1 0 1 0 0 0 0 1 1000 1 0
25.30 11.50 1 0 1 0 1 0 0 0 0 1 1000 0 0
